 1.000000 1.000000 1000000.000000 0.000564 15415 7600 2000000 3866 -25677.656075 0.000000
 1.000000 2.000000 1000000.000000 0.000103 15800 7251 66821 1064 -77931.506095 0.000000
 1.000000 3.000000 1000000.000000 0.000111 15800 8303 52431 714 -119501.729238 0.000000
 1.000000 4.000000 1000000.000000 0.000113 15800 9184 48397 654 -157298.180952 0.000000
 1.000000 5.000000 1000000.000000 0.000101 15800 9504 45817 632 -196246.923848 0.000000
 1.000000 6.000000 1000000.000000 0.000095 15800 9564 46009 632 -236835.849345 0.000000
 1.000000 7.000000 1000000.000000 0.000105 15800 9783 45913 584 -276897.906289 0.000000
 1.000000 8.000000 1000000.000000 0.000098 15800 9822 45479 612 -317884.217410 0.000000
 1.000000 9.000000 1000000.000000 0.000095 15800 9879 45315 594 -358666.584255 0.000000
 1.000000 10.000000 1000000.000000 0.000105 15800 9840 45171 570 -401948.582366 0.000000
 1.000000 11.000000 1000000.000000 0.000101 15800 9883 45689 632 -441232.051881 0.000000
 1.000000 12.000000 1000000.000000 0.000099 15800 9952 46285 612 -482361.891108 0.000000
 1.000000 13.000000 1000000.000000 0.000099 15800 9811 45357 610 -526518.220946 0.000000
 1.000000 14.000000 1000000.000000 0.000102 15800 9888 44835 614 -567630.286426 0.000000
 1.000000 15.000000 1000000.000000 0.000102 15800 9869 45439 610 -609736.381049 0.000000
 1.000000 16.000000 1000000.000000 0.000101 15800 9850 45591 580 -650785.465428 0.000000
 1.000000 17.000000 1000000.000000 0.000095 15800 9896 46099 584 -691268.532067 0.000000
 1.000000 18.000000 1000000.000000 0.000100 15800 9802 45367 590 -737635.855320 0.000000
 1.000000 19.000000 1000000.000000 0.000098 15800 9829 45961 570 -776143.278073 0.000000
 1.000000 20.000000 1000000.000000 0.000101 15800 9803 45229 622 -818558.553893 0.000000
 1.000000 21.000000 1000000.000000 0.000104 15800 9917 45891 580 -857269.566696 0.000000
 1.000000 22.000000 1000000.000000 0.000097 15800 9958 45415 626 -894409.847455 0.000000
 1.000000 23.000000 1000000.000000 0.000103 15800 9843 46429 596 -943022.915983 0.000000
 1.000000 24.000000 1000000.000000 0.000097 15800 9815 45683 590 -986299.335017 0.000000
 1.000000 25.000000 1000000.000000 0.000103 15800 9776 46239 578 -1030550.875439 0.000000
 1.000000 26.000000 1000000.000000 0.000096 15800 9794 45413 638 -1067986.503594 0.000000
 1.000000 27.000000 1000000.000000 0.000103 15800 9834 45389 564 -1111512.897266 0.000000
 1.000000 28.000000 1000000.000000 0.000103 15800 9783 45985 580 -1156588.626689 0.000000
 1.000000 29.000000 1000000.000000 0.000098 15800 9860 45151 582 -1193370.714666 0.000000
 1.000000 30.000000 1000000.000000 0.000099 15800 9815 45065 592 -1241132.518105 0.000000
 2.000000 1.000000 1000000.000000 0.000659 13553 5525 2000000 8532 -6432.295205 0.000000
 2.000000 2.000000 1000000.000000 0.000320 15800 5884 100861 1364 -67531.786183 0.000000
 2.000000 3.000000 1000000.000000 0.000283 15800 7488 59039 816 -108902.178635 0.000000
 2.000000 4.000000 1000000.000000 0.000276 15800 8519 52247 656 -147530.454394 0.000000
 2.000000 5.000000 1000000.000000 0.000286 15800 9081 48619 654 -185443.834713 0.000000
 2.000000 6.000000 1000000.000000 0.000275 15800 9554 46311 612 -222339.067550 0.000000
 2.000000 7.000000 1000000.000000 0.000267 15800 9691 46411 596 -261814.643760 0.000000
 2.000000 8.000000 1000000.000000 0.000270 15800 9809 45707 582 -302627.723690 0.000000
 2.000000 9.000000 1000000.000000 0.000301 15800 9785 45671 588 -344696.391474 0.000000
 2.000000 10.000000 1000000.000000 0.000273 15800 9847 45685 590 -384710.604862 0.000000
 2.000000 11.000000 1000000.000000 0.000263 15800 9825 45305 640 -426505.845565 0.000000
 2.000000 12.000000 1000000.000000 0.000270 15800 9833 45875 602 -468462.012984 0.000000
 2.000000 13.000000 1000000.000000 0.000269 15800 9837 45019 574 -510706.354466 0.000000
 2.000000 14.000000 1000000.000000 0.000271 15800 9830 45007 586 -551942.435798 0.000000
 2.000000 15.000000 1000000.000000 0.000267 15800 9838 45325 594 -594266.129433 0.000000
 2.000000 16.000000 1000000.000000 0.000267 15800 9933 45105 570 -633354.959636 0.000000
 2.000000 17.000000 1000000.000000 0.000268 15800 9921 45721 570 -674584.308923 0.000000
 2.000000 18.000000 1000000.000000 0.000275 15800 9817 45917 620 -719302.598217 0.000000
 2.000000 19.000000 1000000.000000 0.000283 15800 9798 45499 564 -763717.652784 0.000000
 2.000000 20.000000 1000000.000000 0.000277 15800 9945 45665 602 -798100.332640 0.000000
 2.000000 21.000000 1000000.000000 0.000267 15800 9790 44995 604 -846503.328372 0.000000
 2.000000 22.000000 1000000.000000 0.000270 15800 9795 45383 604 -885369.881353 0.000000
 2.000000 23.000000 1000000.000000 0.000281 15800 9771 45409 578 -931155.789840 0.000000
 2.000000 24.000000 1000000.000000 0.000267 15800 9882 45623 598 -968009.326482 0.000000
 2.000000 25.000000 1000000.000000 0.000267 15800 9807 45849 602 -1012136.425372 0.000000
 2.000000 26.000000 1000000.000000 0.000273 15800 9839 45967 586 -1053117.860746 0.000000
 2.000000 27.000000 1000000.000000 0.000281 15800 9859 45697 570 -1093579.147662 0.000000
 2.000000 28.000000 1000000.000000 0.000285 15800 9838 45493 586 -1139020.910557 0.000000
 2.000000 29.000000 1000000.000000 0.000271 15800 9878 45909 558 -1175689.514508 0.000000
 2.000000 30.000000 1000000.000000 0.000281 15800 9882 45193 574 -1216872.214300 0.000000
 3.000000 1.000000 1000000.000000 0.002499 6219 1338 2000000 8030 4671.970675 0.000000
 3.000000 2.000000 1000000.000000 0.001098 15800 4468 218493 2104 -56240.752773 0.000000
 3.000000 3.000000 1000000.000000 0.000822 15800 6295 73427 922 -100587.907388 0.000000
 3.000000 4.000000 1000000.000000 0.000742 15800 7691 57327 794 -138689.730458 0.000000
 3.000000 5.000000 1000000.000000 0.000764 15800 8439 52267 652 -177601.490914 0.000000
 3.000000 6.000000 1000000.000000 0.000777 15800 9239 48527 600 -211565.092486 0.000000
 3.000000 7.000000 1000000.000000 0.000711 15800 9674 46371 588 -247597.458112 0.000000
 3.000000 8.000000 1000000.000000 0.000713 15800 9665 45765 614 -289121.069440 0.000000
 3.000000 9.000000 1000000.000000 0.000782 15800 9701 46363 608 -329915.864526 0.000000
 3.000000 10.000000 1000000.000000 0.000763 15800 9806 44915 602 -370091.399278 0.000000
 3.000000 11.000000 1000000.000000 0.000737 15800 9796 45659 588 -413005.809777 0.000000
 3.000000 12.000000 1000000.000000 0.000805 15800 9863 45787 582 -453442.080354 0.000000
 3.000000 13.000000 1000000.000000 0.000751 15800 9774 45665 604 -497617.848674 0.000000
 3.000000 14.000000 1000000.000000 0.000741 15800 9901 45649 592 -534642.195583 0.000000
 3.000000 15.000000 1000000.000000 0.000770 15800 9826 45371 620 -578145.335017 0.000000
 3.000000 16.000000 1000000.000000 0.000748 15800 9851 45959 602 -618872.150040 0.000000
 3.000000 17.000000 1000000.000000 0.000770 15800 9894 44995 580 -660163.270757 0.000000
 3.000000 18.000000 1000000.000000 0.000721 15800 9889 45107 602 -701404.467806 0.000000
 3.000000 19.000000 1000000.000000 0.000821 15800 9841 45823 590 -743656.454515 0.000000
 3.000000 20.000000 1000000.000000 0.000747 15800 9885 45589 588 -784173.353735 0.000000
 3.000000 21.000000 1000000.000000 0.000699 15800 9847 45543 584 -826426.471586 0.000000
 3.000000 22.000000 1000000.000000 0.000743 15800 9780 44773 606 -872182.787462 0.000000
 3.000000 23.000000 1000000.000000 0.000765 15800 9847 45743 588 -910919.489145 0.000000
 3.000000 24.000000 1000000.000000 0.000718 15800 9784 46023 616 -954349.942077 0.000000
 3.000000 25.000000 1000000.000000 0.000736 15800 9851 45761 586 -995766.347821 0.000000
 3.000000 26.000000 1000000.000000 0.000732 15800 9822 45885 602 -1038973.566696 0.000000
 3.000000 27.000000 1000000.000000 0.000782 15800 9808 45711 584 -1083894.629799 0.000000
 3.000000 28.000000 1000000.000000 0.000745 15800 9819 46299 588 -1120427.697107 0.000000
 3.000000 29.000000 1000000.000000 0.000761 15800 9784 45229 600 -1166847.436286 0.000000
 3.000000 30.000000 1000000.000000 0.000744 15800 9731 45275 590 -1212020.880195 0.000000
 4.000000 1.000000 1000000.000000 2.445538 2 0 2000001 6 6.995732 0.000000
 4.000000 2.000000 1000000.000000 0.008514 14291 3040 2000000 5690 -33535.809900 0.000000
 4.000000 3.000000 1000000.000000 0.002724 15800 4760 110753 1064 -93763.192414 0.000000
 4.000000 4.000000 1000000.000000 0.002405 15800 6860 67005 724 -130326.443542 0.000000
 4.000000 5.000000 1000000.000000 0.002023 15800 7745 55133 688 -169879.273746 0.000000
 4.000000 6.000000 1000000.000000 0.001986 15800 8650 50613 668 -203632.006887 0.000000
 4.000000 7.000000 1000000.000000 0.001970 15800 9162 47371 720 -238949.214362 0.000000
 4.000000 8.000000 1000000.000000 0.001966 15800 9422 46585 608 -277111.575232 0.000000
 4.000000 9.000000 1000000.000000 0.001942 15800 9711 45307 632 -314131.356844 0.000000
 4.000000 10.000000 1000000.000000 0.002069 15800 9637 45951 616 -357514.641870 0.000000
 4.000000 11.000000 1000000.000000 0.002032 15800 9863 45377 570 -395066.553893 0.000000
 4.000000 12.000000 1000000.000000 0.002125 15800 9834 45619 576 -437954.290206 0.000000
 4.000000 13.000000 1000000.000000 0.002164 15800 9890 45959 584 -477385.701863 0.000000
 4.000000 14.000000 1000000.000000 0.001990 15800 9787 44907 582 -522949.133701 0.000000
 4.000000 15.000000 1000000.000000 0.002059 15800 9872 45081 576 -560771.942077 0.000000
 4.000000 16.000000 1000000.000000 0.002112 15800 9899 46369 578 -602928.562429 0.000000
 4.000000 17.000000 1000000.000000 0.002011 15800 9858 46101 612 -643258.718446 0.000000
 4.000000 18.000000 1000000.000000 0.001986 15800 9795 46021 590 -689563.571452 0.000000
 4.000000 19.000000 1000000.000000 0.002063 15800 9845 45453 590 -729368.729847 0.000000
 4.000000 20.000000 1000000.000000 0.002127 15800 9854 45671 566 -772335.412569 0.000000
 4.000000 21.000000 1000000.000000 0.001933 15800 9964 46019 606 -807679.105228 0.000000
 4.000000 22.000000 1000000.000000 0.002061 15800 9793 45281 610 -857621.363490 0.000000
 4.000000 23.000000 1000000.000000 0.002077 15800 9855 46227 572 -895011.523043 0.000000
 4.000000 24.000000 1000000.000000 0.001985 15800 9809 44973 586 -940050.912447 0.000000
 4.000000 25.000000 1000000.000000 0.001907 15800 9888 45559 630 -974944.390254 0.000000
 4.000000 26.000000 1000000.000000 0.002073 15800 9934 45407 632 -1018821.941407 0.000000
 4.000000 27.000000 1000000.000000 0.001864 15800 9847 45529 652 -1061574.849833 0.000000
 4.000000 28.000000 1000000.000000 0.001985 15800 9800 45423 570 -1107844.427262 0.000000
 4.000000 29.000000 1000000.000000 0.002023 15800 9858 45025 586 -1146630.919093 0.000000
 4.000000 30.000000 1000000.000000 0.001991 15800 9840 46057 608 -1190607.666075 0.000000
 5.000000 1.000000 1000000.000000 7.072086 1 0 2000000 4 7.302585 0.000000
 5.000000 2.000000 1000000.000000 5.587686 1 0 2000000 4 7.302585 0.000000
 5.000000 3.000000 1000000.000000 0.014306 15800 3055 252789 1174 -88585.308864 0.000000
 5.000000 4.000000 1000000.000000 0.007120 15800 5533 92095 822 -125145.946286 0.000000
 5.000000 5.000000 1000000.000000 0.005952 15800 7094 64119 718 -160730.610961 0.000000
 5.000000 6.000000 1000000.000000 0.005776 15800 7763 54841 676 -200157.541213 0.000000
 5.000000 7.000000 1000000.000000 0.005413 15800 8504 52863 676 -234926.104619 0.000000
 5.000000 8.000000 1000000.000000 0.005362 15800 9138 47801 602 -268309.633396 0.000000
 5.000000 9.000000 1000000.000000 0.006023 15800 9492 46617 590 -304182.786792 0.000000
 5.000000 10.000000 1000000.000000 0.005383 15800 9806 46185 606 -338950.438664 0.000000
 5.000000 11.000000 1000000.000000 0.006055 15800 9790 46229 584 -382407.997132 0.000000
 5.000000 12.000000 1000000.000000 0.005675 15800 9849 45713 596 -422084.629799 0.000000
 5.000000 13.000000 1000000.000000 0.005501 15800 9855 46037 566 -463159.248930 0.000000
 5.000000 14.000000 1000000.000000 0.005660 15800 9848 45355 562 -505283.581878 0.000000
 5.000000 15.000000 1000000.000000 0.005567 15800 9872 45441 642 -545385.262222 0.000000
 5.000000 16.000000 1000000.000000 0.005637 15800 9841 45513 616 -588290.736493 0.000000
 5.000000 17.000000 1000000.000000 0.005380 15800 10035 45539 582 -624247.103338 0.000000
 5.000000 18.000000 1000000.000000 0.005385 15800 9845 47741 578 -670093.611020 0.000000
 5.000000 19.000000 1000000.000000 0.005263 15800 9874 45155 634 -712414.743139 0.000000
 5.000000 20.000000 1000000.000000 0.005702 15800 9809 45737 644 -755803.652784 0.000000
 5.000000 21.000000 1000000.000000 0.006129 15800 9837 45647 596 -796646.792218 0.000000
 5.000000 22.000000 1000000.000000 0.005794 15800 9834 45697 560 -839189.813557 0.000000
 5.000000 23.000000 1000000.000000 0.005555 15800 9742 45353 592 -884110.373183 0.000000
 5.000000 24.000000 1000000.000000 0.005796 15800 9959 45771 590 -918732.994754 0.000000
 5.000000 25.000000 1000000.000000 0.005707 15800 9833 45595 586 -963260.308923 0.000000
 5.000000 26.000000 1000000.000000 0.005715 15800 9889 46245 586 -1005013.897754 0.000000
 5.000000 27.000000 1000000.000000 0.005751 15800 9819 45479 578 -1050112.919093 0.000000
 5.000000 28.000000 1000000.000000 0.005269 15800 9906 45927 600 -1085309.401168 0.000000
 5.000000 29.000000 1000000.000000 0.005342 15800 9942 45125 594 -1124199.040968 0.000000
 5.000000 30.000000 1000000.000000 0.004980 15800 9741 45435 612 -1176359.984511 0.000000
 6.000000 1.000000 1000000.000000 19.551060 1 0 2000000 4 8.302585 0.000000
 6.000000 2.000000 1000000.000000 18.325254 1 0 2000000 4 8.302585 0.000000
 6.000000 3.000000 1000000.000000 0.323963 5173 506 2000000 910 -26676.417936 0.000000
 6.000000 4.000000 1000000.000000 0.036211 15800 3547 171337 750 -126191.234178 0.000000
 6.000000 5.000000 1000000.000000 0.020497 15800 6073 83609 750 -155352.350139 0.000000
 6.000000 6.000000 1000000.000000 0.017638 15800 7202 62301 650 -192196.827459 0.000000
 6.000000 7.000000 1000000.000000 0.014389 15800 7905 55187 692 -228845.738994 0.000000
 6.000000 8.000000 1000000.000000 0.017370 15800 8525 51139 652 -264210.667356 0.000000
 6.000000 9.000000 1000000.000000 0.014347 15800 9283 47647 664 -291640.117361 0.000000
 6.000000 10.000000 1000000.000000 0.014641 15800 9575 46159 612 -328526.404765 0.000000
 6.000000 11.000000 1000000.000000 0.016309 15800 9643 45927 608 -369240.462380 0.000000
 6.000000 12.000000 1000000.000000 0.014463 15800 9865 45441 582 -404107.683816 0.000000
 6.000000 13.000000 1000000.000000 0.016328 15800 9840 45705 618 -446114.021519 0.000000
 6.000000 14.000000 1000000.000000 0.014320 15800 9887 45945 586 -486753.347333 0.000000
 6.000000 15.000000 1000000.000000 0.015956 15800 9758 45253 600 -533260.236127 0.000000
 6.000000 16.000000 1000000.000000 0.015870 15800 9777 46013 608 -573886.151930 0.000000
 6.000000 17.000000 1000000.000000 0.015482 15800 9735 46625 592 -617851.463538 0.000000
 6.000000 18.000000 1000000.000000 0.015876 15800 9816 45961 594 -657003.805021 0.000000
 6.000000 19.000000 1000000.000000 0.014559 15800 9749 45891 624 -699540.150040 0.000000
 6.000000 20.000000 1000000.000000 0.013782 15800 9912 45023 596 -736680.856478 0.000000
 6.000000 21.000000 1000000.000000 0.014425 15800 9817 45091 630 -781182.792218 0.000000
 6.000000 22.000000 1000000.000000 0.013789 15800 9888 46155 628 -817826.960307 0.000000
 6.000000 23.000000 1000000.000000 0.014763 15800 9739 45547 580 -869181.847455 0.000000
 6.000000 24.000000 1000000.000000 0.015334 15800 9874 45761 584 -905072.396900 0.000000
 6.000000 25.000000 1000000.000000 0.014242 15800 9796 45157 640 -949787.564807 0.000000
 6.000000 26.000000 1000000.000000 0.014971 15800 9896 45149 600 -984166.445979 0.000000
 6.000000 27.000000 1000000.000000 0.014611 15800 9754 45949 594 -1034271.975976 0.000000
 6.000000 28.000000 1000000.000000 0.015058 15800 9879 45163 578 -1072930.597547 0.000000
 6.000000 29.000000 1000000.000000 0.014740 15800 9906 45437 592 -1111680.758320 0.000000
 6.000000 30.000000 1000000.000000 0.014916 15800 9817 45851 612 -1161016.555113 0.000000
 7.000000 1.000000 1000000.000000 53.523944 1 0 2000000 4 9.302585 0.000000
 7.000000 2.000000 1000000.000000 52.494383 1 0 2000000 4 9.302585 0.000000
 7.000000 3.000000 1000000.000000 42.906958 2 0 2000001 6 4.995732 0.000000
 7.000000 4.000000 1000000.000000 0.334400 15800 1917 657601 726 -125043.703083 0.000000
 7.000000 5.000000 1000000.000000 0.100058 15800 4237 149255 706 -158824.831544 0.000000
 7.000000 6.000000 1000000.000000 0.053822 15800 6472 82123 698 -185101.976648 0.000000
 7.000000 7.000000 1000000.000000 0.045296 15800 7266 62375 706 -222708.992987 0.000000
 7.000000 8.000000 1000000.000000 0.044351 15800 7871 55209 734 -260080.675221 0.000000
 7.000000 9.000000 1000000.000000 0.042012 15800 8481 51363 670 -294415.843798 0.000000
 7.000000 10.000000 1000000.000000 0.040298 15800 9218 48499 652 -321417.251370 0.000000
 7.000000 11.000000 1000000.000000 0.038934 15800 9611 47279 610 -354194.230701 0.000000
 7.000000 12.000000 1000000.000000 0.042466 15800 9648 45915 594 -393951.855990 0.000000
 7.000000 13.000000 1000000.000000 0.039876 15800 9821 45481 630 -431595.646138 0.000000
 7.000000 14.000000 1000000.000000 0.041091 15800 9742 45595 596 -476291.693328 0.000000
 7.000000 15.000000 1000000.000000 0.040442 15800 9777 45723 564 -517958.727957 0.000000
 7.000000 16.000000 1000000.000000 0.038558 15800 9748 45049 594 -559512.866904 0.000000
 7.000000 17.000000 1000000.000000 0.041301 15800 9797 45735 582 -600989.356844 0.000000
 7.000000 18.000000 1000000.000000 0.042819 15800 9773 45715 582 -643223.270757 0.000000
 7.000000 19.000000 1000000.000000 0.040092 15800 9798 45163 586 -684336.935920 0.000000
 7.000000 20.000000 1000000.000000 0.041263 15800 9777 45723 582 -726238.083890 0.000000
 7.000000 21.000000 1000000.000000 0.041394 15800 9782 44681 590 -765762.143394 0.000000
 7.000000 22.000000 1000000.000000 0.038433 15800 9826 45379 560 -808827.558161 0.000000
 7.000000 23.000000 1000000.000000 0.041885 15800 9923 46415 564 -844231.066331 0.000000
 7.000000 24.000000 1000000.000000 0.039359 15800 9841 45397 604 -891810.408301 0.000000
 7.000000 25.000000 1000000.000000 0.040555 15800 9929 45213 602 -926905.926896 0.000000
 7.000000 26.000000 1000000.000000 0.038955 15800 9779 45733 582 -975321.746187 0.000000
 7.000000 27.000000 1000000.000000 0.038297 15800 9804 45115 586 -1017032.937810 0.000000
 7.000000 28.000000 1000000.000000 0.039148 15800 9827 45409 576 -1058434.418727 0.000000
 7.000000 29.000000 1000000.000000 0.041527 15800 9884 44981 576 -1099314.764965 0.000000
 7.000000 30.000000 1000000.000000 0.040153 15800 9800 45309 636 -1140883.997802 0.000000
 8.000000 1.000000 1000000.000000 145.598048 1 0 2000000 4 10.302585 0.000000
 8.000000 2.000000 1000000.000000 144.700271 1 0 2000000 4 10.302585 0.000000
 8.000000 3.000000 1000000.000000 136.087989 2 0 2000001 6 6.995732 0.000000
 8.000000 4.000000 1000000.000000 8.770179 873 23 2000000 230 -6635.530667 0.000000
 8.000000 5.000000 1000000.000000 0.754792 15800 2163 455989 566 -165752.533836 0.000000
 8.000000 6.000000 1000000.000000 0.266447 15800 4730 144683 602 -191221.787403 0.000000
 8.000000 7.000000 1000000.000000 0.146795 15800 6524 79241 672 -218162.341604 0.000000
 8.000000 8.000000 1000000.000000 0.117732 15800 7337 61519 686 -254101.976648 0.000000
 8.000000 9.000000 1000000.000000 0.119741 15800 7790 55519 632 -292888.256187 0.000000
 8.000000 10.000000 1000000.000000 0.108483 15800 8503 50743 724 -321228.321117 0.000000
 8.000000 11.000000 1000000.000000 0.110920 15800 9135 48565 670 -350694.852272 0.000000
 8.000000 12.000000 1000000.000000 0.106085 15800 9504 46551 624 -382377.056149 0.000000
 8.000000 13.000000 1000000.000000 0.106928 15800 9729 45997 602 -418205.997802 0.000000
 8.000000 14.000000 1000000.000000 0.117487 15800 9697 45997 582 -462198.378183 0.000000
 8.000000 15.000000 1000000.000000 0.111162 15800 9817 46443 612 -500526.032920 0.000000
 8.000000 16.000000 1000000.000000 0.108783 15800 9810 45751 618 -540535.409703 0.000000
 8.000000 17.000000 1000000.000000 0.111544 15800 9819 45715 592 -583114.723202 0.000000
 8.000000 18.000000 1000000.000000 0.110761 15800 9882 45765 596 -623704.917203 0.000000
 8.000000 19.000000 1000000.000000 0.103307 15800 9977 45383 604 -660066.278561 0.000000
 8.000000 20.000000 1000000.000000 0.117406 15800 9889 45605 570 -706476.968172 0.000000
 8.000000 21.000000 1000000.000000 0.111502 15800 9893 45853 590 -748441.390742 0.000000
 8.000000 22.000000 1000000.000000 0.107541 15800 9894 45247 562 -790388.275025 0.000000
 8.000000 23.000000 1000000.000000 0.116384 15800 9836 45795 624 -831567.630957 0.000000
 8.000000 24.000000 1000000.000000 0.111883 15800 9846 44957 572 -872845.401168 0.000000
 8.000000 25.000000 1000000.000000 0.108206 15800 9871 45589 618 -913370.506704 0.000000
 8.000000 26.000000 1000000.000000 0.101425 15800 9748 45219 574 -964258.560539 0.000000
 8.000000 27.000000 1000000.000000 0.107607 15800 9865 44723 620 -997130.347821 0.000000
 8.000000 28.000000 1000000.000000 0.112240 15800 9868 45105 592 -1041253.333128 0.000000
 8.000000 29.000000 1000000.000000 0.112817 15800 9941 45033 584 -1077385.255576 0.000000
 8.000000 30.000000 1000000.000000 0.115215 15800 9833 45533 572 -1127999.842029 0.000000
 9.000000 1.000000 1000000.000000 397.500236 1 0 2000000 4 11.302585 0.000000
 9.000000 2.000000 1000000.000000 396.190527 1 0 2000000 4 11.302585 0.000000
 9.000000 3.000000 1000000.000000 386.656546 1 0 2000000 4 11.302585 0.000000
 9.000000 4.000000 1000000.000000 321.252749 1 0 2000000 4 11.302585 0.000000
 9.000000 5.000000 1000000.000000 4.612586 15800 974 1648953 532 -163560.142603 0.000000
 9.000000 6.000000 1000000.000000 1.789254 15800 2452 357643 564 -204065.293682 0.000000
 9.000000 7.000000 1000000.000000 0.684997 15800 5130 145515 600 -222733.692780 0.000000
 9.000000 8.000000 1000000.000000 0.404733 15800 6604 79107 630 -250864.444762 0.000000
 9.000000 9.000000 1000000.000000 0.357961 15800 7344 61527 616 -286464.265942 0.000000
 9.000000 10.000000 1000000.000000 0.298638 15800 7769 55095 744 -322775.065783 0.000000
 9.000000 11.000000 1000000.000000 0.304847 15800 8434 50747 642 -353542.117911 0.000000
 9.000000 12.000000 1000000.000000 0.294739 15800 9068 47929 598 -381068.554443 0.000000
 9.000000 13.000000 1000000.000000 0.328336 15800 9503 47309 626 -409384.981463 0.000000
 9.000000 14.000000 1000000.000000 0.302737 15800 9716 45807 604 -445324.427262 0.000000
 9.000000 15.000000 1000000.000000 0.289728 15800 9881 45639 626 -481996.028165 0.000000
 9.000000 16.000000 1000000.000000 0.316932 15800 9715 45609 610 -528521.783194 0.000000
 9.000000 17.000000 1000000.000000 0.299148 15800 9821 45757 576 -565670.282341 0.000000
 9.000000 18.000000 1000000.000000 0.284278 15800 9816 46227 586 -607872.025055 0.000000
 9.000000 19.000000 1000000.000000 0.313553 15800 9811 45665 586 -652539.135590 0.000000
 9.000000 20.000000 1000000.000000 0.302095 15800 9837 45229 602 -692420.264599 0.000000
 9.000000 21.000000 1000000.000000 0.316154 15800 9874 46039 560 -733185.781305 0.000000
 9.000000 22.000000 1000000.000000 0.317906 15800 9840 45729 596 -773123.190096 0.000000
 9.000000 23.000000 1000000.000000 0.290869 15800 9856 45353 602 -816554.952991 0.000000
 9.000000 24.000000 1000000.000000 0.287010 15800 9791 45823 576 -861134.635225 0.000000
 9.000000 25.000000 1000000.000000 0.295770 15800 9793 45437 616 -905844.849162 0.000000
 9.000000 26.000000 1000000.000000 0.292913 15800 9656 44909 582 -953124.944455 0.000000
 9.000000 27.000000 1000000.000000 0.306675 15800 9777 46123 590 -985098.323128 0.000000
 9.000000 28.000000 1000000.000000 0.307422 15800 9780 45995 634 -1027794.712776 0.000000
 9.000000 29.000000 1000000.000000 0.314910 15800 9918 46071 638 -1059824.461161 0.000000
 9.000000 30.000000 1000000.000000 0.295416 15800 9797 44883 572 -1111482.804533 0.000000
 10.000000 1.000000 1000000.000000 1079.499850 1 0 2000000 4 12.302585 0.000000
 10.000000 2.000000 1000000.000000 1080.598050 1 0 2000000 4 12.302585 0.000000
 10.000000 3.000000 1000000.000000 1068.873201 1 0 2000000 4 12.302585 0.000000
 10.000000 4.000000 1000000.000000 1007.277128 1 0 2000000 4 12.302585 0.000000
 10.000000 5.000000 1000000.000000 67.900529 548 13 2000001 140 -5261.949701 0.000000
 10.000000 6.000000 1000000.000000 9.403389 15800 1164 1168149 514 -206808.005547 0.000000
 10.000000 7.000000 1000000.000000 4.547274 15800 2723 419043 542 -243124.499267 0.000000
 10.000000 8.000000 1000000.000000 1.726401 15800 5374 136227 658 -254689.702535 0.000000
 10.000000 9.000000 1000000.000000 1.124283 15800 6694 80237 630 -282706.801426 0.000000
 10.000000 10.000000 1000000.000000 0.924189 15800 7300 62203 654 -318391.153760 0.000000
 10.000000 11.000000 1000000.000000 0.823796 15800 7851 54757 726 -352044.919215 0.000000
 10.000000 12.000000 1000000.000000 0.815756 15800 8483 50647 706 -380556.415740 0.000000
 10.000000 13.000000 1000000.000000 0.872083 15800 9258 48001 644 -402391.236188 0.000000
 10.000000 14.000000 1000000.000000 0.795005 15800 9636 46805 620 -432947.530908 0.000000
 10.000000 15.000000 1000000.000000 0.831836 15800 9731 46171 638 -471248.528530 0.000000
 10.000000 16.000000 1000000.000000 0.847172 15800 9831 45999 606 -509834.489633 0.000000
 10.000000 17.000000 1000000.000000 0.791276 15800 9803 45815 608 -552956.068709 0.000000
 10.000000 18.000000 1000000.000000 0.868051 15800 9789 46079 596 -594103.568586 0.000000
 10.000000 19.000000 1000000.000000 0.825355 15800 9719 45119 606 -638140.359892 0.000000
 10.000000 20.000000 1000000.000000 0.843199 15800 9791 45683 608 -678192.116142 0.000000
 10.000000 21.000000 1000000.000000 0.812794 15800 9878 45589 594 -716144.907448 0.000000
 10.000000 22.000000 1000000.000000 0.820743 15800 9895 45629 618 -757748.193693 0.000000
 10.000000 23.000000 1000000.000000 0.805131 15800 9871 45403 588 -798897.377451 0.000000
 10.000000 24.000000 1000000.000000 0.806499 15800 9796 44973 606 -845652.687414 0.000000
 10.000000 25.000000 1000000.000000 0.833429 15800 9840 45455 602 -885802.590901 0.000000
 10.000000 26.000000 1000000.000000 0.822118 15800 9932 45239 568 -923383.869282 0.000000
 10.000000 27.000000 1000000.000000 0.839014 15800 9844 45195 572 -969767.723690 0.000000
 10.000000 28.000000 1000000.000000 0.810216 15800 9905 46195 560 -1005047.572122 0.000000
 10.000000 29.000000 1000000.000000 0.835510 15800 9922 46433 596 -1046456.748564 0.000000
 10.000000 30.000000 1000000.000000 0.856837 15800 9954 45251 582 -1089889.623641 0.000000
 11.000000 1.000000 1000000.000000 2937.261767 1 0 2000000 4 13.302585 0.000000
 11.000000 2.000000 1000000.000000 2931.816269 1 0 2000000 4 13.302585 0.000000
 11.000000 3.000000 1000000.000000 2925.655904 1 0 2000000 4 13.302585 0.000000
 11.000000 4.000000 1000000.000000 2858.082548 1 0 2000000 4 13.302585 0.000000
 11.000000 5.000000 1000000.000000 2385.742884 1 0 2000000 4 13.302585 0.000000
 11.000000 6.000000 1000000.000000 40.193957 15800 440 1952369 506 -199908.410620 0.000000
 11.000000 7.000000 1000000.000000 22.838565 15800 1216 826745 544 -249534.807827 0.000000
 11.000000 8.000000 1000000.000000 13.251861 15800 2813 367681 550 -281765.784293 0.000000
 11.000000 9.000000 1000000.000000 4.859565 15800 5323 136503 628 -291495.160406 0.000000
 11.000000 10.000000 1000000.000000 3.006404 15800 6689 79713 612 -315150.237470 0.000000
 11.000000 11.000000 1000000.000000 2.466143 15800 7384 62535 696 -348027.149980 0.000000
 11.000000 12.000000 1000000.000000 2.633510 15800 7731 56229 672 -386205.114863 0.000000
 11.000000 13.000000 1000000.000000 2.232033 15800 8383 51237 674 -412498.089438 0.000000
 11.000000 14.000000 1000000.000000 2.189880 15800 9139 48821 644 -434185.288377 0.000000
 11.000000 15.000000 1000000.000000 2.188967 15800 9511 46901 598 -463737.097912 0.000000
 11.000000 16.000000 1000000.000000 2.206549 15800 9798 46493 590 -494158.669123 0.000000
 11.000000 17.000000 1000000.000000 2.156377 15800 9856 46403 556 -534854.055417 0.000000
 11.000000 18.000000 1000000.000000 2.267656 15800 9878 45085 634 -576906.340505 0.000000
 11.000000 19.000000 1000000.000000 2.088525 15800 9818 44535 638 -620650.213630 0.000000
 11.000000 20.000000 1000000.000000 2.180942 15800 9892 45533 596 -659409.667965 0.000000
 11.000000 21.000000 1000000.000000 2.186715 15800 9930 45117 596 -698950.425372 0.000000
 11.000000 22.000000 1000000.000000 2.237016 15800 9777 46137 578 -746617.401168 0.000000
 11.000000 23.000000 1000000.000000 2.315672 15800 9899 46243 590 -781105.761368 0.000000
 11.000000 24.000000 1000000.000000 2.142883 15800 9777 45651 620 -830399.378671 0.000000
 11.000000 25.000000 1000000.000000 2.197046 15800 9760 45257 596 -871111.025787 0.000000
 11.000000 26.000000 1000000.000000 2.202922 15800 9841 45401 578 -909220.613398 0.000000
 11.000000 27.000000 1000000.000000 2.124400 15800 9752 46125 602 -953627.516397 0.000000
 11.000000 28.000000 1000000.000000 2.210482 15800 9905 45079 564 -991824.410191 0.000000
 11.000000 29.000000 1000000.000000 2.175074 15800 9782 45495 590 -1038301.928786 0.000000
 11.000000 30.000000 1000000.000000 2.103009 15800 9845 45465 624 -1074134.787462 0.000000
 12.000000 1.000000 1000000.000000 7982.234089 1 0 2000000 4 14.302585 0.000000
 12.000000 2.000000 1000000.000000 7987.514995 1 0 2000000 4 14.302585 0.000000
 12.000000 3.000000 1000000.000000 7979.110202 1 0 2000000 4 14.302585 0.000000
 12.000000 4.000000 1000000.000000 7897.801019 1 0 2000000 4 14.302585 0.000000
 12.000000 5.000000 1000000.000000 7444.923732 1 0 2000000 4 14.302585 0.000000
 12.000000 6.000000 1000000.000000 1349.916915 76 1 2000001 50 -857.755030 0.000000
 12.000000 7.000000 1000000.000000 84.227472 15800 517 1434489 508 -245329.717473 0.000000
 12.000000 8.000000 1000000.000000 61.968683 15800 1281 1007971 512 -294748.944884 0.000000
 12.000000 9.000000 1000000.000000 35.158932 15800 2985 313043 540 -321000.174855 0.000000
 12.000000 10.000000 1000000.000000 14.824557 15800 5274 150983 560 -329809.151870 0.000000
 12.000000 11.000000 1000000.000000 8.057150 15800 6665 77537 760 -347553.819655 0.000000
 12.000000 12.000000 1000000.000000 7.028723 15800 7277 63645 654 -383393.831056 0.000000
 12.000000 13.000000 1000000.000000 6.193203 15800 7782 55189 658 -416020.621386 0.000000
 12.000000 14.000000 1000000.000000 5.964222 15800 8493 51587 656 -439506.420496 0.000000
 12.000000 15.000000 1000000.000000 5.904373 15800 9098 48319 614 -463889.335567 0.000000
 12.000000 16.000000 1000000.000000 5.986842 15800 9457 47059 604 -491988.606082 0.000000
 12.000000 17.000000 1000000.000000 6.491554 15800 9746 46371 616 -524073.754052 0.000000
 12.000000 18.000000 1000000.000000 5.878844 15800 9651 45743 658 -567313.749296 0.000000
 12.000000 19.000000 1000000.000000 6.126466 15800 9840 45293 584 -603594.257954 0.000000
 12.000000 20.000000 1000000.000000 5.522931 15800 9772 45455 612 -646858.229481 0.000000
 12.000000 21.000000 1000000.000000 5.862812 15800 9893 45335 626 -682580.165221 0.000000
 12.000000 22.000000 1000000.000000 6.185756 15800 9937 45713 566 -723816.102850 0.000000
 12.000000 23.000000 1000000.000000 5.794740 15800 9755 46013 604 -772196.527311 0.000000
 12.000000 24.000000 1000000.000000 6.638468 15800 9857 45711 582 -810326.635225 0.000000
 12.000000 25.000000 1000000.000000 5.790635 15800 9868 45593 592 -852188.257954 0.000000
 12.000000 26.000000 1000000.000000 5.838664 15800 9755 45481 584 -897086.520665 0.000000
 12.000000 27.000000 1000000.000000 6.189548 15800 9872 45469 642 -935920.764965 0.000000
 12.000000 28.000000 1000000.000000 6.462415 15800 9899 45927 616 -975642.361112 0.000000
 12.000000 29.000000 1000000.000000 6.089395 15800 9778 45103 592 -1026338.670343 0.000000
 12.000000 30.000000 1000000.000000 5.775761 15800 9752 46189 574 -1066800.133213 0.000000
 13.000000 1.000000 1000000.000000 21669.611188 1 0 2000000 4 15.302585 0.000000
 13.000000 2.000000 1000000.000000 21659.594131 1 0 2000000 4 15.302585 0.000000
 13.000000 3.000000 1000000.000000 21735.741437 1 0 2000000 4 15.302585 0.000000
 13.000000 4.000000 1000000.000000 21582.382209 1 0 2000000 4 15.302585 0.000000
 13.000000 5.000000 1000000.000000 21148.462893 1 0 2000000 4 15.302585 0.000000
 13.000000 6.000000 1000000.000000 17643.543358 7 0 2000000 16 -35.231679 0.000000
 13.000000 7.000000 1000000.000000 310.732591 15433 160 2000000 504 -229051.410620 0.000000
 13.000000 8.000000 1000000.000000 225.596408 15800 673 1292539 524 -287664.843616 0.000000
 13.000000 9.000000 1000000.000000 150.340248 15800 1332 775123 542 -336540.766064 0.000000
 13.000000 10.000000 1000000.000000 96.374317 15800 3027 307761 534 -360408.146932 0.000000
 13.000000 11.000000 1000000.000000 39.328298 15800 5344 137125 582 -363812.762528 0.000000
 13.000000 12.000000 1000000.000000 23.449849 15800 6642 81101 620 -382824.113704 0.000000
 13.000000 13.000000 1000000.000000 19.467219 15800 7273 61987 642 -414983.014814 0.000000
 13.000000 14.000000 1000000.000000 16.846361 15800 7812 55139 690 -444772.567307 0.000000
 13.000000 15.000000 1000000.000000 17.324211 15800 8550 51307 638 -468151.150651 0.000000
 13.000000 16.000000 1000000.000000 16.002066 15800 9209 48519 654 -485488.122117 0.000000
 13.000000 17.000000 1000000.000000 16.109469 15800 9507 46307 634 -518293.508411 0.000000
 13.000000 18.000000 1000000.000000 16.639746 15800 9810 45907 616 -544926.621933 0.000000
 13.000000 19.000000 1000000.000000 16.835468 15800 9778 45741 556 -590359.590413 0.000000
 13.000000 20.000000 1000000.000000 15.586807 15800 9765 45569 658 -631024.491523 0.000000
 13.000000 21.000000 1000000.000000 15.863030 15800 9900 44963 602 -667551.637603 0.000000
 13.000000 22.000000 1000000.000000 16.048168 15800 9904 45187 590 -711320.376293 0.000000
 13.000000 23.000000 1000000.000000 15.762003 15800 9945 45193 584 -748619.032432 0.000000
 13.000000 24.000000 1000000.000000 14.759836 15800 9747 45613 614 -797149.009386 0.000000
 13.000000 25.000000 1000000.000000 16.444163 15800 9927 45167 574 -834546.798863 0.000000
 13.000000 26.000000 1000000.000000 15.935196 15800 9742 45699 588 -884380.637115 0.000000
 13.000000 27.000000 1000000.000000 16.584848 15800 9885 45951 572 -919757.478719 0.000000
 13.000000 28.000000 1000000.000000 16.101095 15800 9799 45843 636 -963962.100961 0.000000
 13.000000 29.000000 1000000.000000 16.903403 15800 9902 45827 558 -1002156.171867 0.000000
 13.000000 30.000000 1000000.000000 15.416925 15800 9780 45521 570 -1048829.218568 0.000000
 14.000000 1.000000 1000000.000000 59048.431197 1 0 2000000 4 16.302585 0.000000
 14.000000 2.000000 1000000.000000 58922.886406 1 0 2000000 4 16.302585 0.000000
 14.000000 3.000000 1000000.000000 58914.539323 1 0 2000000 4 16.302585 0.000000
 14.000000 4.000000 1000000.000000 58950.078728 1 0 2000000 4 16.302585 0.000000
 14.000000 5.000000 1000000.000000 58483.916946 1 0 2000000 4 16.302585 0.000000
 14.000000 6.000000 1000000.000000 54977.541700 2 0 2000001 6 6.995732 0.000000
 14.000000 7.000000 1000000.000000 4351.523908 303 2 2000000 116 -4144.881173 0.000000
 14.000000 8.000000 1000000.000000 628.622243 15800 204 1508533 506 -280912.410620 0.000000
 14.000000 9.000000 1000000.000000 539.737361 15800 514 1242843 506 -338064.366966 0.000000
 14.000000 10.000000 1000000.000000 418.482657 15800 1454 747863 520 -379166.490061 0.000000
 14.000000 11.000000 1000000.000000 256.862503 15800 3013 322917 530 -401476.687293 0.000000
 14.000000 12.000000 1000000.000000 105.075464 15800 5367 145761 556 -399291.873490 0.000000
 14.000000 13.000000 1000000.000000 56.219081 15800 6637 79133 640 -416607.997255 0.000000
 14.000000 14.000000 1000000.000000 48.373769 15800 7459 63295 690 -440815.995365 0.000000
 14.000000 15.000000 1000000.000000 43.697586 15800 7706 55461 712 -478804.741371 0.000000
 14.000000 16.000000 1000000.000000 44.613928 15800 8495 51641 696 -497333.027556 0.000000
 14.000000 17.000000 1000000.000000 44.898131 15800 9142 49043 638 -515845.381780 0.000000
 14.000000 18.000000 1000000.000000 45.247515 15800 9569 46917 592 -542445.566026 0.000000
 14.000000 19.000000 1000000.000000 43.273943 15800 9675 46535 608 -577959.341663 0.000000
 14.000000 20.000000 1000000.000000 45.929137 15800 9756 46047 580 -616748.897266 0.000000
 14.000000 21.000000 1000000.000000 46.828389 15800 9795 45869 612 -657735.962014 0.000000
 14.000000 22.000000 1000000.000000 42.492330 15800 9768 45097 652 -698243.476830 0.000000
 14.000000 23.000000 1000000.000000 46.688446 15800 9772 45671 614 -741526.895376 0.000000
 14.000000 24.000000 1000000.000000 46.984660 15800 9843 45869 602 -781058.114252 0.000000
 14.000000 25.000000 1000000.000000 45.298722 15800 9900 45587 600 -817554.317459 0.000000
 14.000000 26.000000 1000000.000000 41.899470 15800 9899 46355 550 -861811.365380 0.000000
 14.000000 27.000000 1000000.000000 42.867329 15800 9779 46641 634 -907452.276915 0.000000
 14.000000 28.000000 1000000.000000 45.640615 15800 9838 45905 606 -946038.706131 0.000000
 14.000000 29.000000 1000000.000000 43.788815 15800 9886 45273 584 -985892.195583 0.000000
 14.000000 30.000000 1000000.000000 46.472063 15800 9840 45569 586 -1033153.234969 0.000000
 15.000000 1.000000 1000000.000000 160172.899501 1 0 2000000 4 17.302585 0.000000
 15.000000 2.000000 1000000.000000 160536.578747 1 0 2000000 4 17.302585 0.000000
 15.000000 3.000000 1000000.000000 160634.739559 1 0 2000000 4 17.302585 0.000000
 15.000000 4.000000 1000000.000000 159897.499263 1 0 2000000 4 17.302585 0.000000
 15.000000 5.000000 1000000.000000 159696.085143 1 0 2000000 4 17.302585 0.000000
 15.000000 6.000000 1000000.000000 156508.697592 1 0 2000000 4 17.302585 0.000000
 15.000000 7.000000 1000000.000000 130696.569847 1 0 2000000 4 17.302585 0.000000
 15.000000 8.000000 1000000.000000 2182.899201 15394 71 2000001 504 -260354.410620 0.000000
 15.000000 9.000000 1000000.000000 1604.170466 15800 190 1411305 504 -328168.410620 0.000000
 15.000000 10.000000 1000000.000000 1442.412574 15800 602 1254215 504 -382709.161382 0.000000
 15.000000 11.000000 1000000.000000 1180.301816 15800 1383 796371 536 -424447.359163 0.000000
 15.000000 12.000000 1000000.000000 690.132200 15800 3073 386533 532 -441857.077185 0.000000
 15.000000 13.000000 1000000.000000 274.245605 15800 5305 135455 628 -436529.303438 0.000000
 15.000000 14.000000 1000000.000000 170.385200 15800 6732 80357 638 -446956.877758 0.000000
 15.000000 15.000000 1000000.000000 140.228164 15800 7376 61973 686 -475078.162784 0.000000
 15.000000 16.000000 1000000.000000 123.018144 15800 7758 55159 634 -509470.653394 0.000000
 15.000000 17.000000 1000000.000000 122.894195 15800 8395 51317 728 -528017.853004 0.000000
 15.000000 18.000000 1000000.000000 120.089402 15800 9071 48077 654 -546154.390804 0.000000
 15.000000 19.000000 1000000.000000 123.031719 15800 9590 48111 646 -566117.627421 0.000000
 15.000000 20.000000 1000000.000000 117.094216 15800 9623 46695 592 -604535.994937 0.000000
 15.000000 21.000000 1000000.000000 129.293214 15800 9809 45705 578 -640060.459271 0.000000
 15.000000 22.000000 1000000.000000 119.566162 15800 9764 45363 596 -684351.081512 0.000000
 15.000000 23.000000 1000000.000000 114.828775 15800 9874 45269 590 -720030.549138 0.000000
 15.000000 24.000000 1000000.000000 127.452874 15800 9815 45859 632 -765402.807399 0.000000
 15.000000 25.000000 1000000.000000 129.222684 15800 9837 45609 572 -807089.644248 0.000000
 15.000000 26.000000 1000000.000000 135.478472 15800 9806 45755 592 -850213.661319 0.000000
 15.000000 27.000000 1000000.000000 121.527614 15800 9806 45363 574 -892156.028165 0.000000
 15.000000 28.000000 1000000.000000 131.080704 15800 9875 45541 566 -927176.336176 0.000000
 15.000000 29.000000 1000000.000000 118.923860 15800 9831 45743 594 -970157.125835 0.000000
 15.000000 30.000000 1000000.000000 124.274146 15800 9802 45609 620 -1016117.167599 0.000000
 16.000000 1.000000 1000000.000000 435533.781329 1 0 2000000 4 18.302585 0.000000
 16.000000 2.000000 1000000.000000 436162.491495 1 0 2000000 4 18.302585 0.000000
 16.000000 3.000000 1000000.000000 436260.998046 1 0 2000000 4 18.302585 0.000000
 16.000000 4.000000 1000000.000000 435697.653740 1 0 2000000 4 18.302585 0.000000
 16.000000 5.000000 1000000.000000 435120.830093 1 0 2000000 4 18.302585 0.000000
 16.000000 6.000000 1000000.000000 431787.420158 1 0 2000000 4 18.302585 0.000000
 16.000000 7.000000 1000000.000000 405913.907391 1 0 2000000 4 18.302585 0.000000
 16.000000 8.000000 1000000.000000 53551.480568 16 0 2000001 18 -216.845385 0.000000
 16.000000 9.000000 1000000.000000 4982.375915 15800 71 1578711 504 -314510.410620 0.000000
 16.000000 10.000000 1000000.000000 4208.204760 15800 207 1352421 504 -374844.410620 0.000000
 16.000000 11.000000 1000000.000000 3870.218060 15800 588 1252625 508 -429200.410620 0.000000
 16.000000 12.000000 1000000.000000 3303.726038 15800 1425 1027587 504 -470954.084988 0.000000
 16.000000 13.000000 1000000.000000 1900.549677 15800 3034 329213 542 -482413.454455 0.000000
 16.000000 14.000000 1000000.000000 755.464213 15800 5383 136683 584 -470370.619496 0.000000
 16.000000 15.000000 1000000.000000 458.854726 15800 6585 81127 662 -484183.038531 0.000000
 16.000000 16.000000 1000000.000000 352.484975 15800 7303 60713 652 -510124.692292 0.000000
 16.000000 17.000000 1000000.000000 353.827664 15800 7795 55747 722 -537228.328983 0.000000
 16.000000 18.000000 1000000.000000 369.466329 15800 8364 51049 654 -561456.669246 0.000000
 16.000000 19.000000 1000000.000000 323.794217 15800 9226 48029 640 -567395.422324 0.000000
 16.000000 20.000000 1000000.000000 335.379514 15800 9554 46571 602 -595294.026275 0.000000
 16.000000 21.000000 1000000.000000 345.472740 15800 9764 45667 584 -629301.481829 0.000000
 16.000000 22.000000 1000000.000000 341.698562 15800 9717 45499 598 -670036.484877 0.000000
 16.000000 23.000000 1000000.000000 325.153198 15800 9702 45283 618 -713324.410191 0.000000
 16.000000 24.000000 1000000.000000 307.789578 15800 9734 45613 634 -750482.896046 0.000000
 16.000000 25.000000 1000000.000000 335.170438 15800 9823 46015 566 -790861.002070 0.000000
 16.000000 26.000000 1000000.000000 340.695183 15800 9799 45489 558 -832880.931164 0.000000
 16.000000 27.000000 1000000.000000 302.944338 15800 9874 45165 578 -869780.439334 0.000000
 16.000000 28.000000 1000000.000000 329.495013 15800 9727 46225 580 -921079.832274 0.000000
 16.000000 29.000000 1000000.000000 346.616575 15800 9879 45017 594 -952287.593949 0.000000
 16.000000 30.000000 1000000.000000 305.874489 15800 9897 45741 614 -995828.281670 0.000000
 17.000000 1.000000 1000000.000000 1185783.865329 1 0 2000000 4 19.302585 0.000000
 17.000000 2.000000 1000000.000000 1183929.029927 1 0 2000000 4 19.302585 0.000000
 17.000000 3.000000 1000000.000000 1185950.634546 1 0 2000000 4 19.302585 0.000000
 17.000000 4.000000 1000000.000000 1184886.740246 1 0 2000000 4 19.302585 0.000000
 17.000000 5.000000 1000000.000000 1183185.443070 1 0 2000000 4 19.302585 0.000000
 17.000000 6.000000 1000000.000000 1181209.065894 1 0 2000000 4 19.302585 0.000000
 17.000000 7.000000 1000000.000000 1156655.948960 1 0 2000000 4 19.302585 0.000000
 17.000000 8.000000 1000000.000000 960364.956145 1 0 2000000 4 19.302585 0.000000
 17.000000 9.000000 1000000.000000 17034.722901 15414 23 2000001 506 -292222.410620 0.000000
 17.000000 10.000000 1000000.000000 12553.205749 15800 77 1468343 506 -361624.410620 0.000000
 17.000000 11.000000 1000000.000000 11371.769639 15800 200 1338843 506 -421958.410620 0.000000
 17.000000 12.000000 1000000.000000 10578.898824 15800 598 1241037 506 -475145.218997 0.000000
 17.000000 13.000000 1000000.000000 8112.949737 15800 1478 722665 526 -510849.436714 0.000000
 17.000000 14.000000 1000000.000000 5130.216164 15800 3067 375259 538 -523638.697048 0.000000
 17.000000 15.000000 1000000.000000 2033.374566 15800 5266 134721 620 -509291.952931 0.000000
 17.000000 16.000000 1000000.000000 1173.476316 15800 6609 79705 676 -516417.607913 0.000000
 17.000000 17.000000 1000000.000000 1124.545462 15800 7274 61863 632 -542648.475794 0.000000
 17.000000 18.000000 1000000.000000 945.615483 15800 7947 55069 652 -564569.010058 0.000000
 17.000000 19.000000 1000000.000000 986.912624 15800 8442 51237 694 -586568.738262 0.000000
 17.000000 20.000000 1000000.000000 814.203882 15800 9186 47523 676 -594655.463112 0.000000
 17.000000 21.000000 1000000.000000 895.026927 15800 9508 46885 564 -623430.751674 0.000000
 17.000000 22.000000 1000000.000000 880.792861 15800 9674 46001 602 -657171.629067 0.000000
 17.000000 23.000000 1000000.000000 892.182988 15800 9802 45447 646 -691481.328372 0.000000
 17.000000 24.000000 1000000.000000 909.548618 15800 9782 45985 584 -735660.028165 0.000000
 17.000000 25.000000 1000000.000000 864.385300 15800 9805 45419 620 -775573.948723 0.000000
 17.000000 26.000000 1000000.000000 920.420160 15800 9858 45519 624 -813714.547248 0.000000
 17.000000 27.000000 1000000.000000 868.803285 15800 9800 45875 620 -859138.412081 0.000000
 17.000000 28.000000 1000000.000000 877.420842 15800 9735 46429 616 -902579.379341 0.000000
 17.000000 29.000000 1000000.000000 897.922447 15800 9864 44927 602 -941841.593279 0.000000
 17.000000 30.000000 1000000.000000 859.571215 15800 9853 45435 608 -979630.405436 0.000000
 18.000000 1.000000 1000000.000000 3219606.961791 1 0 2000000 4 20.302585 0.000000
 18.000000 2.000000 1000000.000000 3222882.311843 1 0 2000000 4 20.302585 0.000000
 18.000000 3.000000 1000000.000000 3217012.724254 1 0 2000000 4 20.302585 0.000000
 18.000000 4.000000 1000000.000000 3221836.249229 1 0 2000000 4 20.302585 0.000000
 18.000000 5.000000 1000000.000000 3212919.664291 1 0 2000000 4 20.302585 0.000000
 18.000000 6.000000 1000000.000000 3211703.383191 1 0 2000000 4 20.302585 0.000000
 18.000000 7.000000 1000000.000000 3189568.986574 1 0 2000000 4 20.302585 0.000000
 18.000000 8.000000 1000000.000000 3001861.317204 1 0 2000000 4 20.302585 0.000000
 18.000000 9.000000 1000000.000000 232795.418775 363 0 2000000 108 -6459.653762 0.000000
 18.000000 10.000000 1000000.000000 37049.812242 15800 23 1625301 506 -346904.410620 0.000000
 18.000000 11.000000 1000000.000000 31559.710747 15800 87 1381953 508 -408622.410620 0.000000
 18.000000 12.000000 1000000.000000 32334.954707 15800 215 1383689 508 -468536.092854 0.000000
 18.000000 13.000000 1000000.000000 28574.211136 15800 584 1224753 504 -521754.092854 0.000000
 18.000000 14.000000 1000000.000000 23175.745096 15800 1439 852389 520 -557699.890317 0.000000
 18.000000 15.000000 1000000.000000 14563.193062 15800 3030 357729 546 -565221.649127 0.000000
 18.000000 16.000000 1000000.000000 5882.218950 15800 5287 138575 594 -545856.688512 0.000000
 18.000000 17.000000 1000000.000000 3051.026321 15800 6600 80027 632 -550518.008900 0.000000
 18.000000 18.000000 1000000.000000 2664.623611 15800 7402 62969 698 -567727.617118 0.000000
 18.000000 19.000000 1000000.000000 2618.186963 15800 7863 55039 704 -596848.915436 0.000000
 18.000000 20.000000 1000000.000000 2480.102841 15800 8448 50703 712 -613393.264904 0.000000
 18.000000 21.000000 1000000.000000 2440.566791 15800 9189 48037 666 -624172.407875 0.000000
 18.000000 22.000000 1000000.000000 2447.535802 15800 9506 46993 628 -651281.718264 0.000000
 18.000000 23.000000 1000000.000000 2411.707208 15800 9720 45713 600 -682535.769233 0.000000
 18.000000 24.000000 1000000.000000 2564.037734 15800 9719 46041 612 -723777.610350 0.000000
 18.000000 25.000000 1000000.000000 2476.517096 15800 9819 45675 604 -760031.597059 0.000000
 18.000000 26.000000 1000000.000000 2383.885695 15800 9788 45681 582 -804013.549626 0.000000
 18.000000 27.000000 1000000.000000 2388.597452 15800 9792 45303 610 -841641.984511 0.000000
 18.000000 28.000000 1000000.000000 2317.550744 15800 9784 45881 628 -886491.206497 0.000000
 18.000000 29.000000 1000000.000000 2386.484741 15800 9769 45349 642 -925495.825628 0.000000
 18.000000 30.000000 1000000.000000 2531.082149 15800 9868 45325 556 -964481.641382 0.000000
 19.000000 1.000000 1000000.000000 8743391.197346 1 0 2000000 4 21.302585 0.000000
 19.000000 2.000000 1000000.000000 8755823.227337 1 0 2000000 4 21.302585 0.000000
 19.000000 3.000000 1000000.000000 8738063.591655 1 0 2000000 4 21.302585 0.000000
 19.000000 4.000000 1000000.000000 8749659.955882 1 0 2000000 4 21.302585 0.000000
 19.000000 5.000000 1000000.000000 8744772.757366 1 0 2000000 4 21.302585 0.000000
 19.000000 6.000000 1000000.000000 8745944.868116 1 0 2000000 4 21.302585 0.000000
 19.000000 7.000000 1000000.000000 8728681.047750 1 0 2000000 4 21.302585 0.000000
 19.000000 8.000000 1000000.000000 8537113.343923 1 0 2000000 4 21.302585 0.000000
 19.000000 9.000000 1000000.000000 7130630.258403 1 0 2000000 4 21.302585 0.000000
 19.000000 10.000000 1000000.000000 120476.224984 15457 6 2000000 504 -324261.410620 0.000000
 19.000000 11.000000 1000000.000000 88321.487979 15800 35 1431559 504 -394010.410620 0.000000
 19.000000 12.000000 1000000.000000 82603.015429 15800 80 1357543 506 -456032.410620 0.000000
 19.000000 13.000000 1000000.000000 86935.432445 15800 208 1363007 508 -515712.410620 0.000000
 19.000000 14.000000 1000000.000000 77949.231999 15800 633 1222507 504 -566644.410620 0.000000
 19.000000 15.000000 1000000.000000 62218.960352 15800 1460 1008319 512 -603439.651993 0.000000
 19.000000 16.000000 1000000.000000 35522.540939 15800 3139 313311 558 -601115.248139 0.000000
 19.000000 17.000000 1000000.000000 14574.375129 15800 5268 137115 636 -580099.432629 0.000000
 19.000000 18.000000 1000000.000000 8885.250925 15800 6665 80015 600 -582293.658882 0.000000
 19.000000 19.000000 1000000.000000 6914.030823 15800 7415 60975 656 -601193.866844 0.000000
 19.000000 20.000000 1000000.000000 6831.428235 15800 7815 55243 654 -630389.351297 0.000000
 19.000000 21.000000 1000000.000000 6613.965097 15800 8575 50531 702 -638555.029446 0.000000
 19.000000 22.000000 1000000.000000 6699.888978 15800 9168 48647 678 -653136.946895 0.000000
 19.000000 23.000000 1000000.000000 6579.678775 15800 9554 46413 592 -674115.206497 0.000000
 19.000000 24.000000 1000000.000000 6437.389275 15800 9645 45719 608 -710981.532798 0.000000
 19.000000 25.000000 1000000.000000 6768.524578 15800 9834 45859 610 -741601.321726 0.000000
 19.000000 26.000000 1000000.000000 6407.332957 15800 9853 45613 592 -783455.257466 0.000000
 19.000000 27.000000 1000000.000000 7066.495022 15800 9814 46447 590 -827711.925007 0.000000
 19.000000 28.000000 1000000.000000 6469.270401 15800 9829 45087 588 -869546.030055 0.000000
 19.000000 29.000000 1000000.000000 6352.894790 15800 9853 45429 604 -908270.579500 0.000000
 19.000000 30.000000 1000000.000000 6250.551535 15800 9858 45097 574 -951730.584255 0.000000
 20.000000 1.000000 1000000.000000 23754957.986641 1 0 2000000 4 22.302585 0.000000
 20.000000 2.000000 1000000.000000 23780161.696596 1 0 2000000 4 22.302585 0.000000
 20.000000 3.000000 1000000.000000 23777006.581079 1 0 2000000 4 22.302585 0.000000
 20.000000 4.000000 1000000.000000 23782632.404412 1 0 2000000 4 22.302585 0.000000
 20.000000 5.000000 1000000.000000 23803585.678199 1 0 2000000 4 22.302585 0.000000
 20.000000 6.000000 1000000.000000 23748087.407359 1 0 2000000 4 22.302585 0.000000
 20.000000 7.000000 1000000.000000 23738992.906634 1 0 2000000 4 22.302585 0.000000
 20.000000 8.000000 1000000.000000 23555477.858250 1 0 2000000 4 22.302585 0.000000
 20.000000 9.000000 1000000.000000 22210109.591464 1 0 2000000 4 22.302585 0.000000
 20.000000 10.000000 1000000.000000 1569922.063516 391 0 2000000 122 -7717.494878 0.000000
 20.000000 11.000000 1000000.000000 269605.235569 15800 7 1569385 504 -378826.410620 0.000000
 20.000000 12.000000 1000000.000000 232760.758903 15800 33 1391365 506 -441360.410620 0.000000
 20.000000 13.000000 1000000.000000 230397.020484 15800 81 1378081 508 -503214.410620 0.000000
 20.000000 14.000000 1000000.000000 222699.131143 15800 221 1324539 506 -562352.410620 0.000000
 20.000000 15.000000 1000000.000000 209908.267839 15800 599 1225575 506 -613730.251737 0.000000
 20.000000 16.000000 1000000.000000 180839.292609 15800 1443 735137 514 -646443.789049 0.000000
 20.000000 17.000000 1000000.000000 105789.882848 15800 3087 314879 542 -644527.083830 0.000000
 20.000000 18.000000 1000000.000000 43817.542510 15800 5238 146275 612 -619277.239847 0.000000
 20.000000 19.000000 1000000.000000 24126.263808 15800 6672 82055 632 -614687.285391 0.000000
 20.000000 20.000000 1000000.000000 19956.298387 15800 7373 61461 660 -633913.111326 0.000000
 20.000000 21.000000 1000000.000000 19222.842455 15800 7879 54785 692 -658434.140957 0.000000
 20.000000 22.000000 1000000.000000 19032.330904 15800 8420 51351 660 -675258.153699 0.000000
 20.000000 23.000000 1000000.000000 17333.639025 15800 9202 48209 624 -679707.450797 0.000000
 20.000000 24.000000 1000000.000000 18463.310217 15800 9390 47053 644 -709897.211252 0.000000
 20.000000 25.000000 1000000.000000 17467.375311 15800 9736 45285 622 -732691.994266 0.000000
 20.000000 26.000000 1000000.000000 17687.756119 15800 9769 46145 594 -772343.997802 0.000000
 20.000000 27.000000 1000000.000000 18103.750478 15800 9721 45841 620 -813537.205277 0.000000
 20.000000 28.000000 1000000.000000 18085.379400 15800 9800 45551 592 -854067.003960 0.000000
 20.000000 29.000000 1000000.000000 19032.339924 15800 9797 45705 562 -898637.693328 0.000000
 20.000000 30.000000 1000000.000000 17894.068527 15800 9761 45883 608 -940548.951101 0.000000
 21.000000 1.000000 1000000.000000 64771751.697010 1 0 2000000 4 23.302585 0.000000
 21.000000 2.000000 1000000.000000 64693944.700070 1 0 2000000 4 23.302585 0.000000
 21.000000 3.000000 1000000.000000 64721901.721188 1 0 2000000 4 23.302585 0.000000
 21.000000 4.000000 1000000.000000 64666567.291184 1 0 2000000 4 23.302585 0.000000
 21.000000 5.000000 1000000.000000 64683337.671051 1 0 2000000 4 23.302585 0.000000
 21.000000 6.000000 1000000.000000 64688009.258337 1 0 2000000 4 23.302585 0.000000
 21.000000 7.000000 1000000.000000 64582953.351801 1 0 2000000 4 23.302585 0.000000
 21.000000 8.000000 1000000.000000 64572889.751489 1 0 2000000 4 23.302585 0.000000
 21.000000 9.000000 1000000.000000 63082817.098435 1 0 2000000 4 23.302585 0.000000
 21.000000 10.000000 1000000.000000 52485167.936788 1 0 2000000 4 23.302585 0.000000
 21.000000 11.000000 1000000.000000 892581.649146 15512 3 2000001 504 -356490.410620 0.000000
 21.000000 12.000000 1000000.000000 641544.468854 15800 9 1380485 504 -426160.410620 0.000000
 21.000000 13.000000 1000000.000000 641466.081996 15800 30 1369201 504 -488792.410620 0.000000
 21.000000 14.000000 1000000.000000 580574.711264 15800 90 1292323 504 -550248.410620 0.000000
 21.000000 15.000000 1000000.000000 609470.224678 15800 211 1291309 504 -609634.410620 0.000000
 21.000000 16.000000 1000000.000000 579821.208520 15800 605 1239229 508 -659702.331178 0.000000
 21.000000 17.000000 1000000.000000 470744.967731 15800 1475 908489 512 -690140.576819 0.000000
 21.000000 18.000000 1000000.000000 285691.862376 15800 3209 387009 526 -681535.390195 0.000000
 21.000000 19.000000 1000000.000000 107864.488291 15800 5394 140807 614 -649340.740701 0.000000
 21.000000 20.000000 1000000.000000 63172.681108 15800 6611 80661 590 -650947.991829 0.000000
 21.000000 21.000000 1000000.000000 54840.947915 15800 7396 62251 646 -665498.577062 0.000000
 21.000000 22.000000 1000000.000000 55449.039993 15800 7678 56269 658 -697465.642481 0.000000
 21.000000 23.000000 1000000.000000 50300.492333 15800 8510 51337 684 -699805.490914 0.000000
 21.000000 24.000000 1000000.000000 51998.458662 15800 9127 48291 638 -711001.156747 0.000000
 21.000000 25.000000 1000000.000000 49273.501444 15800 9473 47341 662 -730299.348309 0.000000
 21.000000 26.000000 1000000.000000 45231.819649 15800 9758 46197 598 -757443.000180 0.000000
 21.000000 27.000000 1000000.000000 47761.044409 15800 9704 45797 590 -799634.606752 0.000000
 21.000000 28.000000 1000000.000000 44295.243934 15800 9744 45709 590 -841759.081512 0.000000
 21.000000 29.000000 1000000.000000 47163.714132 15800 9810 45669 634 -880658.646626 0.000000
 21.000000 30.000000 1000000.000000 48259.415249 15800 9855 46021 658 -914622.310813 0.000000
 22.000000 1.000000 1000000.000000 175446413.488771 1 0 2000000 4 24.302585 0.000000
 22.000000 2.000000 1000000.000000 175573270.328692 1 0 2000000 4 24.302585 0.000000
 22.000000 3.000000 1000000.000000 176027217.508190 1 0 2000000 4 24.302585 0.000000
 22.000000 4.000000 1000000.000000 175859832.749530 1 0 2000000 4 24.302585 0.000000
 22.000000 5.000000 1000000.000000 175932528.613382 1 0 2000000 4 24.302585 0.000000
 22.000000 6.000000 1000000.000000 175822613.250958 1 0 2000000 4 24.302585 0.000000
 22.000000 7.000000 1000000.000000 175694537.421788 1 0 2000000 4 24.302585 0.000000
 22.000000 8.000000 1000000.000000 175271492.091424 1 0 2000000 4 24.302585 0.000000
 22.000000 9.000000 1000000.000000 174120097.672200 1 0 2000000 4 24.302585 0.000000
 22.000000 10.000000 1000000.000000 163703946.638956 1 0 2000000 4 24.302585 0.000000
 22.000000 11.000000 1000000.000000 11966968.949547 115 0 2000000 56 -2465.675588 0.000000
 22.000000 12.000000 1000000.000000 1931852.912719 15800 6 1542345 506 -410408.410620 0.000000
 22.000000 13.000000 1000000.000000 1692155.203521 15800 8 1364551 506 -473538.410620 0.000000
 22.000000 14.000000 1000000.000000 1737237.407741 15800 35 1393115 504 -535988.410620 0.000000
 22.000000 15.000000 1000000.000000 1702282.399359 15800 101 1376219 504 -597134.410620 0.000000
 22.000000 16.000000 1000000.000000 1638720.896796 15800 221 1309253 508 -656224.410620 0.000000
 22.000000 17.000000 1000000.000000 1556400.936343 15800 592 1243409 506 -706215.212351 0.000000
 22.000000 18.000000 1000000.000000 1320985.039155 15800 1439 1009367 508 -737676.309352 0.000000
 22.000000 19.000000 1000000.000000 782691.487955 15800 3069 348329 540 -726420.294841 0.000000
 22.000000 20.000000 1000000.000000 301340.962716 15800 5382 139461 600 -685021.976648 0.000000
 22.000000 21.000000 1000000.000000 161057.645146 15800 6661 78689 714 -679176.808741 0.000000
 22.000000 22.000000 1000000.000000 148704.000490 15800 7314 62621 614 -700327.880806 0.000000
 22.000000 23.000000 1000000.000000 136653.966715 15800 7796 55797 662 -723524.807522 0.000000
 22.000000 24.000000 1000000.000000 130597.530135 15800 8482 51267 672 -731798.768624 0.000000
 22.000000 25.000000 1000000.000000 124301.136070 15800 9145 48015 658 -735036.801973 0.000000
 22.000000 26.000000 1000000.000000 127281.236396 15800 9665 46187 634 -748378.773501 0.000000
 22.000000 27.000000 1000000.000000 134790.109651 15800 9648 45945 616 -789990.942809 0.000000
 22.000000 28.000000 1000000.000000 131743.115842 15800 9795 45705 596 -823801.444821 0.000000
 22.000000 29.000000 1000000.000000 125978.322926 15800 9883 45281 598 -859080.180402 0.000000
 22.000000 30.000000 1000000.000000 142350.107696 15800 9904 44981 590 -900722.959636 0.000000
 23.000000 1.000000 1000000.000000 477572675.220995 1 0 2000000 4 25.302585 0.000000
 23.000000 2.000000 1000000.000000 477861382.770389 1 0 2000000 4 25.302585 0.000000
 23.000000 3.000000 1000000.000000 477388358.083200 1 0 2000000 4 25.302585 0.000000
 23.000000 4.000000 1000000.000000 478248133.318194 1 0 2000000 4 25.302585 0.000000
 23.000000 5.000000 1000000.000000 478122130.807510 1 0 2000000 4 25.302585 0.000000
 23.000000 6.000000 1000000.000000 478230823.857792 1 0 2000000 4 25.302585 0.000000
 23.000000 7.000000 1000000.000000 478075564.110407 1 0 2000000 4 25.302585 0.000000
 23.000000 8.000000 1000000.000000 477648601.205506 1 0 2000000 4 25.302585 0.000000
 23.000000 9.000000 1000000.000000 475728241.807378 1 0 2000000 4 25.302585 0.000000
 23.000000 10.000000 1000000.000000 465757927.761646 1 0 2000000 4 25.302585 0.000000
 23.000000 11.000000 1000000.000000 388133394.478849 2 0 2000001 6 4.995732 0.000000
 23.000000 12.000000 1000000.000000 6570706.898422 15572 1 2000001 504 -389052.410620 0.000000
 23.000000 13.000000 1000000.000000 4877168.639846 15800 3 1435267 506 -457868.410620 0.000000
 23.000000 14.000000 1000000.000000 4726431.231513 15800 12 1395523 506 -520804.410620 0.000000
 23.000000 15.000000 1000000.000000 4710512.414984 15800 29 1338697 504 -583494.410620 0.000000
 23.000000 16.000000 1000000.000000 4600088.203122 15800 82 1317511 508 -644872.410620 0.000000
 23.000000 17.000000 1000000.000000 4426330.985466 15800 208 1298171 508 -703616.410620 0.000000
 23.000000 18.000000 1000000.000000 4295315.688801 15800 587 1253785 506 -752784.410620 0.000000
 23.000000 19.000000 1000000.000000 3530819.778422 15800 1478 973831 518 -780073.774538 0.000000
 23.000000 20.000000 1000000.000000 1989347.636732 15800 2996 301261 546 -769381.929215 0.000000
 23.000000 21.000000 1000000.000000 794923.234088 15800 5232 140121 662 -726376.291305 0.000000
 23.000000 22.000000 1000000.000000 484015.562385 15800 6687 80033 588 -714118.778379 0.000000
 23.000000 23.000000 1000000.000000 365553.815809 15800 7373 61163 744 -725990.020972 0.000000
 23.000000 24.000000 1000000.000000 397228.156620 15800 7810 55957 720 -750519.779537 0.000000
 23.000000 25.000000 1000000.000000 357038.376459 15800 8607 50709 692 -752894.263503 0.000000
 23.000000 26.000000 1000000.000000 369916.091724 15800 9084 47909 650 -768812.324653 0.000000
 23.000000 27.000000 1000000.000000 367843.268400 15800 9488 47531 618 -783645.030543 0.000000
 23.000000 28.000000 1000000.000000 373239.913035 15800 9828 45615 596 -804677.319836 0.000000
 23.000000 29.000000 1000000.000000 357669.234295 15800 9781 45923 572 -847490.835322 0.000000
 23.000000 30.000000 1000000.000000 373927.103504 15800 9792 45983 568 -891681.025787 0.000000
 24.000000 1.000000 1000000.000000 1299066089.905175 1 0 2000000 4 26.302585 0.000000
 24.000000 2.000000 1000000.000000 1299474754.259901 1 0 2000000 4 26.302585 0.000000
 24.000000 3.000000 1000000.000000 1298442767.211801 1 0 2000000 4 26.302585 0.000000
 24.000000 4.000000 1000000.000000 1299095686.840925 1 0 2000000 4 26.302585 0.000000
 24.000000 5.000000 1000000.000000 1298264071.268044 1 0 2000000 4 26.302585 0.000000
 24.000000 6.000000 1000000.000000 1300683941.834304 1 0 2000000 4 26.302585 0.000000
 24.000000 7.000000 1000000.000000 1300497485.305209 1 0 2000000 4 26.302585 0.000000
 24.000000 8.000000 1000000.000000 1297171771.874330 1 0 2000000 4 26.302585 0.000000
 24.000000 9.000000 1000000.000000 1297600516.371309 1 0 2000000 4 26.302585 0.000000
 24.000000 10.000000 1000000.000000 1285140910.096050 1 0 2000000 4 26.302585 0.000000
 24.000000 11.000000 1000000.000000 1208626375.338475 2 0 2000001 6 6.995732 0.000000
 24.000000 12.000000 1000000.000000 212965441.143080 2 0 2000001 6 2.995732 0.000000
 24.000000 13.000000 1000000.000000 14884690.722047 15800 5 1596751 506 -442016.410620 0.000000
 24.000000 14.000000 1000000.000000 13488732.469141 15800 6 1433427 504 -505200.410620 0.000000
 24.000000 15.000000 1000000.000000 12893199.934030 15800 11 1435561 506 -568204.410620 0.000000
 24.000000 16.000000 1000000.000000 12640333.148798 15800 32 1365377 506 -630704.410620 0.000000
 24.000000 17.000000 1000000.000000 12705364.940595 15800 73 1373195 504 -692474.410620 0.000000
 24.000000 18.000000 1000000.000000 12309601.837985 15800 212 1277677 506 -750484.410620 0.000000
 24.000000 19.000000 1000000.000000 11938133.654170 15800 573 1269897 508 -799380.128642 0.000000
 24.000000 20.000000 1000000.000000 9111081.003288 15800 1536 639189 526 -817727.977624 0.000000
 24.000000 21.000000 1000000.000000 5523269.784612 15800 3110 313325 536 -805778.754663 0.000000
 24.000000 22.000000 1000000.000000 2214246.024545 15800 5364 136703 654 -757610.815387 0.000000
 24.000000 23.000000 1000000.000000 1311681.273585 15800 6693 79197 598 -747009.205949 0.000000
 24.000000 24.000000 1000000.000000 1107657.856119 15800 7351 61489 654 -762282.203328 0.000000
 24.000000 25.000000 1000000.000000 1107557.538302 15800 7849 55693 706 -781818.852821 0.000000
 24.000000 26.000000 1000000.000000 943100.176274 15800 8590 51441 674 -782518.305936 0.000000
 24.000000 27.000000 1000000.000000 1006068.062313 15800 9060 48513 608 -797785.826178 0.000000
 24.000000 28.000000 1000000.000000 988309.364011 15800 9488 47287 602 -811302.097424 0.000000
 24.000000 29.000000 1000000.000000 968110.121548 15800 9748 45791 632 -837443.011825 0.000000
 24.000000 30.000000 1000000.000000 963469.789969 15800 9783 45581 610 -875896.227592 0.000000
 25.000000 1.000000 1000000.000000 3529909178.125863 1 0 2000000 4 27.302585 0.000000
 25.000000 2.000000 1000000.000000 3534604180.761956 1 0 2000000 4 27.302585 0.000000
 25.000000 3.000000 1000000.000000 3526569468.918039 1 0 2000000 4 27.302585 0.000000
 25.000000 4.000000 1000000.000000 3530332869.071795 1 0 2000000 4 27.302585 0.000000
 25.000000 5.000000 1000000.000000 3528794518.895935 1 0 2000000 4 27.302585 0.000000
 25.000000 6.000000 1000000.000000 3537057111.399204 1 0 2000000 4 27.302585 0.000000
 25.000000 7.000000 1000000.000000 3522963050.765337 1 0 2000000 4 27.302585 0.000000
 25.000000 8.000000 1000000.000000 3530850627.233615 1 0 2000000 4 27.302585 0.000000
 25.000000 9.000000 1000000.000000 3528909077.072256 1 0 2000000 4 27.302585 0.000000
 25.000000 10.000000 1000000.000000 3515929694.815778 1 0 2000000 4 27.302585 0.000000
 25.000000 11.000000 1000000.000000 3441093314.682205 1 0 2000000 4 27.302585 0.000000
 25.000000 12.000000 1000000.000000 2871661479.952209 1 0 2000000 4 27.302585 0.000000
 25.000000 13.000000 1000000.000000 49486422.407106 15308 0 2000001 504 -413088.410620 0.000000
 25.000000 14.000000 1000000.000000 35841985.107980 15800 2 1427807 506 -489484.410620 0.000000
 25.000000 15.000000 1000000.000000 34918187.832351 15800 3 1402607 506 -552644.410620 0.000000
 25.000000 16.000000 1000000.000000 34400000.358283 15800 15 1395359 504 -615480.410620 0.000000
 25.000000 17.000000 1000000.000000 33236964.394230 15800 32 1318843 506 -678034.410620 0.000000
 25.000000 18.000000 1000000.000000 33189161.426528 15800 67 1322379 504 -739940.410620 0.000000
 25.000000 19.000000 1000000.000000 33585991.689728 15800 225 1326607 504 -796998.410620 0.000000
 25.000000 20.000000 1000000.000000 32405047.108753 15800 583 1249619 506 -845216.583464 0.000000
 25.000000 21.000000 1000000.000000 23643824.887525 15800 1406 761653 542 -869064.871539 0.000000
 25.000000 22.000000 1000000.000000 15160664.328658 15800 3077 296231 532 -846606.399889 0.000000
 25.000000 23.000000 1000000.000000 6086978.716570 15800 5325 146117 560 -797331.559503 0.000000
 25.000000 24.000000 1000000.000000 3581954.529667 15800 6698 80193 632 -779626.933483 0.000000
 25.000000 25.000000 1000000.000000 2663494.007035 15800 7454 61899 776 -784819.393975 0.000000
 25.000000 26.000000 1000000.000000 2838048.338889 15800 7909 55593 726 -806213.771002 0.000000
 25.000000 27.000000 1000000.000000 2704912.073502 15800 8452 51595 676 -820381.144005 0.000000
 25.000000 28.000000 1000000.000000 2814934.561179 15800 9138 47731 624 -822944.172416 0.000000
 25.000000 29.000000 1000000.000000 2599028.717640 15800 9574 46465 648 -835966.439883 0.000000
 25.000000 30.000000 1000000.000000 2635280.699068 15800 9674 45727 602 -868623.875927 0.000000
 26.000000 1.000000 1000000.000000 9600356338.463192 1 0 2000000 4 28.302585 0.000000
 26.000000 2.000000 1000000.000000 9581692417.510387 1 0 2000000 4 28.302585 0.000000
 26.000000 3.000000 1000000.000000 9600276107.768724 1 0 2000000 4 28.302585 0.000000
 26.000000 4.000000 1000000.000000 9608775985.466198 1 0 2000000 4 28.302585 0.000000
 26.000000 5.000000 1000000.000000 9602843273.028229 1 0 2000000 4 28.302585 0.000000
 26.000000 6.000000 1000000.000000 9598931231.508944 1 0 2000000 4 28.302585 0.000000
 26.000000 7.000000 1000000.000000 9595272995.957811 1 0 2000000 4 28.302585 0.000000
 26.000000 8.000000 1000000.000000 9594430193.549799 1 0 2000000 4 28.302585 0.000000
 26.000000 9.000000 1000000.000000 9605742396.709883 1 0 2000000 4 28.302585 0.000000
 26.000000 10.000000 1000000.000000 9600434137.284220 1 0 2000000 4 28.302585 0.000000
 26.000000 11.000000 1000000.000000 9492903031.182135 1 0 2000000 4 28.302585 0.000000
 26.000000 12.000000 1000000.000000 8965295583.893095 3 0 2000000 8 8.995732 0.000000
 26.000000 13.000000 1000000.000000 846058070.180563 186 0 2000001 70 -4758.823558 0.000000
 26.000000 14.000000 1000000.000000 106039411.841677 15800 4 1533309 504 -473656.410620 0.000000
 26.000000 15.000000 1000000.000000 93070766.461110 15800 3 1383861 506 -536844.410620 0.000000
 26.000000 16.000000 1000000.000000 91887139.079248 15800 6 1353825 504 -599968.410620 0.000000
 26.000000 17.000000 1000000.000000 94433029.922350 15800 14 1378773 506 -662846.410620 0.000000
 26.000000 18.000000 1000000.000000 98516161.505727 15800 27 1408621 506 -725544.410620 0.000000
 26.000000 19.000000 1000000.000000 91628471.970557 15800 97 1332435 506 -786024.410620 0.000000
 26.000000 20.000000 1000000.000000 91823316.498001 15800 227 1365325 506 -843824.410620 0.000000
 26.000000 21.000000 1000000.000000 83614423.631737 15800 588 1194089 508 -891360.410620 0.000000
 26.000000 22.000000 1000000.000000 68928182.623636 15800 1526 777729 530 -906848.917631 0.000000
 26.000000 23.000000 1000000.000000 40881199.843062 15800 3004 358553 544 -892940.304046 0.000000
 26.000000 24.000000 1000000.000000 16399251.634092 15800 5357 138129 580 -830103.444274 0.000000
 26.000000 25.000000 1000000.000000 8928257.533840 15800 6691 80419 630 -812129.273746 0.000000
 26.000000 26.000000 1000000.000000 8134724.665807 15800 7240 62683 680 -831234.027617 0.000000
 26.000000 27.000000 1000000.000000 7370307.280141 15800 7916 55569 664 -838752.365990 0.000000
 26.000000 28.000000 1000000.000000 7221351.476383 15800 8505 50917 708 -843665.700766 0.000000
 26.000000 29.000000 1000000.000000 7269743.366760 15800 9079 48195 624 -854325.891658 0.000000
 26.000000 30.000000 1000000.000000 7103278.373626 15800 9457 46041 608 -869091.804351 0.000000
 27.000000 1.000000 1000000.000000 26140366285.538120 1 0 2000000 4 29.302585 0.000000
 27.000000 2.000000 1000000.000000 26065182558.656563 1 0 2000000 4 29.302585 0.000000
 27.000000 3.000000 1000000.000000 26110864271.674980 1 0 2000000 4 29.302585 0.000000
 27.000000 4.000000 1000000.000000 26101879068.571907 1 0 2000000 4 29.302585 0.000000
 27.000000 5.000000 1000000.000000 26071031998.075050 1 0 2000000 4 29.302585 0.000000
 27.000000 6.000000 1000000.000000 26113928777.231148 1 0 2000000 4 29.302585 0.000000
 27.000000 7.000000 1000000.000000 26080489352.208019 1 0 2000000 4 29.302585 0.000000
 27.000000 8.000000 1000000.000000 26122258601.702118 1 0 2000000 4 29.302585 0.000000
 27.000000 9.000000 1000000.000000 26116866900.592587 1 0 2000000 4 29.302585 0.000000
 27.000000 10.000000 1000000.000000 26084348250.799473 1 0 2000000 4 29.302585 0.000000
 27.000000 11.000000 1000000.000000 25987193587.474186 1 0 2000000 4 29.302585 0.000000
 27.000000 12.000000 1000000.000000 25437312553.137604 1 0 2000000 4 29.302585 0.000000
 27.000000 13.000000 1000000.000000 21299576453.030067 6 0 2000001 12 -92.924826 0.000000
 27.000000 14.000000 1000000.000000 369228893.407097 15352 0 2000001 504 -444976.410620 0.000000
 27.000000 15.000000 1000000.000000 265138421.221972 15800 1 1453443 504 -521134.410620 0.000000
 27.000000 16.000000 1000000.000000 250482493.468900 15800 3 1376021 504 -584264.410620 0.000000
 27.000000 17.000000 1000000.000000 247082997.653494 15800 3 1341945 506 -647420.410620 0.000000
 27.000000 18.000000 1000000.000000 263830334.918195 15800 15 1404463 504 -710212.410620 0.000000
 27.000000 19.000000 1000000.000000 250757470.464077 15800 33 1356459 504 -772694.410620 0.000000
 27.000000 20.000000 1000000.000000 258187438.480929 15800 94 1394335 504 -833310.446408 0.000000
 27.000000 21.000000 1000000.000000 242437792.463759 15800 217 1347371 508 -891142.410620 0.000000
 27.000000 22.000000 1000000.000000 235686775.264135 15800 608 1239583 504 -936736.251737 0.000000
 27.000000 23.000000 1000000.000000 183277462.007850 15800 1483 729815 520 -950215.031641 0.000000
 27.000000 24.000000 1000000.000000 113305836.986625 15800 3073 272683 534 -927738.909766 0.000000
 27.000000 25.000000 1000000.000000 45904615.904690 15800 5375 138877 608 -865681.012924 0.000000
 27.000000 26.000000 1000000.000000 25356505.083018 15800 6702 80549 694 -843408.394463 0.000000
 27.000000 27.000000 1000000.000000 21293902.728979 15800 7343 61861 654 -858712.214973 0.000000
 27.000000 28.000000 1000000.000000 20797477.082374 15800 7795 54743 642 -877210.754663 0.000000
 27.000000 29.000000 1000000.000000 19486443.574679 15800 8550 51183 708 -872912.315691 0.000000
 27.000000 30.000000 1000000.000000 21237616.521057 15800 9117 48275 666 -878056.882634 0.000000
 28.000000 1.000000 1000000.000000 70959093900.718506 1 0 2000000 4 30.302585 0.000000
 28.000000 2.000000 1000000.000000 70900313934.426971 1 0 2000000 4 30.302585 0.000000
 28.000000 3.000000 1000000.000000 70983159802.355255 1 0 2000000 4 30.302585 0.000000
 28.000000 4.000000 1000000.000000 70886797134.237320 1 0 2000000 4 30.302585 0.000000
 28.000000 5.000000 1000000.000000 70899406841.646561 1 0 2000000 4 30.302585 0.000000
 28.000000 6.000000 1000000.000000 70942285937.249817 1 0 2000000 4 30.302585 0.000000
 28.000000 7.000000 1000000.000000 70888608908.830627 1 0 2000000 4 30.302585 0.000000
 28.000000 8.000000 1000000.000000 70882418504.609543 1 0 2000000 4 30.302585 0.000000
 28.000000 9.000000 1000000.000000 70885518505.901672 1 0 2000000 4 30.302585 0.000000
 28.000000 10.000000 1000000.000000 70935025100.533798 1 0 2000000 4 30.302585 0.000000
 28.000000 11.000000 1000000.000000 70787599511.087433 1 0 2000000 4 30.302585 0.000000
 28.000000 12.000000 1000000.000000 70169235794.221039 1 0 2000000 4 30.302585 0.000000
 28.000000 13.000000 1000000.000000 66127326602.825043 1 0 2000000 4 30.302585 0.000000
 28.000000 14.000000 1000000.000000 8072761960.105279 33 0 2000000 36 -854.607060 0.000000
 28.000000 15.000000 1000000.000000 764571168.333831 15800 0 1607399 506 -505334.410620 0.000000
 28.000000 16.000000 1000000.000000 705009969.722043 15800 1 1399793 504 -568528.410620 0.000000
 28.000000 17.000000 1000000.000000 692530688.698348 15800 1 1413705 506 -631688.410620 0.000000
 28.000000 18.000000 1000000.000000 693563307.794293 15800 3 1362051 504 -694844.410620 0.000000
 28.000000 19.000000 1000000.000000 698327667.540800 15800 7 1382543 506 -757844.410620 0.000000
 28.000000 20.000000 1000000.000000 686398849.910159 15800 19 1329197 504 -820584.410620 0.000000
 28.000000 21.000000 1000000.000000 671665487.706354 15800 84 1345707 504 -881012.410620 0.000000
 28.000000 22.000000 1000000.000000 655515018.476585 15800 168 1287693 504 -940344.410620 0.000000
 28.000000 23.000000 1000000.000000 628875359.275552 15800 577 1206815 506 -984284.547676 0.000000
 28.000000 24.000000 1000000.000000 492183898.221654 15800 1448 672831 520 -995803.450676 0.000000
 28.000000 25.000000 1000000.000000 309255209.867663 15800 3046 327759 546 -971807.669063 0.000000
 28.000000 26.000000 1000000.000000 125381708.886960 15800 5309 135381 600 -905789.063223 0.000000
 28.000000 27.000000 1000000.000000 73938782.139715 15800 6599 78737 594 -885715.946286 0.000000
 28.000000 28.000000 1000000.000000 62596520.457051 15800 7336 61923 652 -891989.178453 0.000000
 28.000000 29.000000 1000000.000000 53223530.475966 15800 7911 55103 736 -898384.973050 0.000000
 28.000000 30.000000 1000000.000000 53796027.123191 15800 8615 50515 666 -898967.506095 0.000000
 29.000000 1.000000 1000000.000000 192767004753.476715 1 0 2000000 4 31.302585 0.000000
 29.000000 2.000000 1000000.000000 192730360567.971741 1 0 2000000 4 31.302585 0.000000
 29.000000 3.000000 1000000.000000 192432693779.053345 1 0 2000000 4 31.302585 0.000000
 29.000000 4.000000 1000000.000000 192769288883.768463 1 0 2000000 4 31.302585 0.000000
 29.000000 5.000000 1000000.000000 192681800299.217407 1 0 2000000 4 31.302585 0.000000
 29.000000 6.000000 1000000.000000 192701979900.183258 1 0 2000000 4 31.302585 0.000000
 29.000000 7.000000 1000000.000000 192661937416.501282 1 0 2000000 4 31.302585 0.000000
 29.000000 8.000000 1000000.000000 192492313653.715118 1 0 2000000 4 31.302585 0.000000
 29.000000 9.000000 1000000.000000 192818972307.175812 1 0 2000000 4 31.302585 0.000000
 29.000000 10.000000 1000000.000000 192712413433.498993 1 0 2000000 4 31.302585 0.000000
 29.000000 11.000000 1000000.000000 192861701417.462097 1 0 2000000 4 31.302585 0.000000
 29.000000 12.000000 1000000.000000 192006937729.425659 1 0 2000000 4 31.302585 0.000000
 29.000000 13.000000 1000000.000000 188001657737.866516 1 0 2000000 4 31.302585 0.000000
 29.000000 14.000000 1000000.000000 156662017101.273926 1 0 2000000 4 31.302585 0.000000
 29.000000 15.000000 1000000.000000 2684099899.105251 15252 0 2000001 504 -472576.410620 0.000000
 29.000000 16.000000 1000000.000000 1969092135.756642 15800 2 1431233 504 -552696.410620 0.000000
 29.000000 17.000000 1000000.000000 1836966810.842288 15800 3 1336393 506 -615820.410620 0.000000
 29.000000 18.000000 1000000.000000 1877038555.050063 15800 3 1360419 504 -679044.410620 0.000000
 29.000000 19.000000 1000000.000000 1886818363.934899 15800 4 1374185 504 -742196.410620 0.000000
 29.000000 20.000000 1000000.000000 1910418057.657140 15800 13 1377521 506 -804984.410620 0.000000
 29.000000 21.000000 1000000.000000 1831939726.922339 15800 30 1343009 504 -867480.410620 0.000000
 29.000000 22.000000 1000000.000000 1805038191.932765 15800 87 1325961 506 -928064.410620 0.000000
 29.000000 23.000000 1000000.000000 1819863595.204177 15800 212 1329369 508 -985288.410620 0.000000
 29.000000 24.000000 1000000.000000 1671015749.421973 15800 611 1196641 506 -1028901.638031 0.000000
 29.000000 25.000000 1000000.000000 1451421812.197366 15800 1519 1007375 504 -1045247.847883 0.000000
 29.000000 26.000000 1000000.000000 838734790.910958 15800 3024 356901 544 -1015912.111265 0.000000
 29.000000 27.000000 1000000.000000 339317988.338026 15800 5369 140039 550 -939234.213083 0.000000
 29.000000 28.000000 1000000.000000 185860994.147547 15800 6602 80141 642 -917139.883915 0.000000
 29.000000 29.000000 1000000.000000 156705009.510359 15800 7361 62567 630 -921505.699426 0.000000
 29.000000 30.000000 1000000.000000 139361867.428154 15800 7774 54681 638 -938948.919215 0.000000
 30.000000 1.000000 1000000.000000 524085781388.430298 1 0 2000000 4 32.302585 0.000000
 30.000000 2.000000 1000000.000000 525259852132.170898 1 0 2000000 4 32.302585 0.000000
 30.000000 3.000000 1000000.000000 523087101421.213196 1 0 2000000 4 32.302585 0.000000
 30.000000 4.000000 1000000.000000 523670229843.980103 1 0 2000000 4 32.302585 0.000000
 30.000000 5.000000 1000000.000000 524079728607.588562 1 0 2000000 4 32.302585 0.000000
 30.000000 6.000000 1000000.000000 522948434767.399231 1 0 2000000 4 32.302585 0.000000
 30.000000 7.000000 1000000.000000 523870207920.192139 1 0 2000000 4 32.302585 0.000000
 30.000000 8.000000 1000000.000000 522989343771.119995 1 0 2000000 4 32.302585 0.000000
 30.000000 9.000000 1000000.000000 524605604615.431274 1 0 2000000 4 32.302585 0.000000
 30.000000 10.000000 1000000.000000 523625737367.358948 1 0 2000000 4 32.302585 0.000000
 30.000000 11.000000 1000000.000000 524119365451.991516 1 0 2000000 4 32.302585 0.000000
 30.000000 12.000000 1000000.000000 523485248170.978394 1 0 2000000 4 32.302585 0.000000
 30.000000 13.000000 1000000.000000 518243372327.488586 1 0 2000000 4 32.302585 0.000000
 30.000000 14.000000 1000000.000000 488630881670.825134 1 0 2000000 4 32.302585 0.000000
 30.000000 15.000000 1000000.000000 33274148702.848171 409 0 2000000 106 -12172.346909 0.000000
 30.000000 16.000000 1000000.000000 5835036956.317949 15800 1 1548263 504 -536928.410620 0.000000
 30.000000 17.000000 1000000.000000 5340164248.287115 15800 0 1391109 506 -600122.410620 0.000000
 30.000000 18.000000 1000000.000000 5432686918.954269 15800 1 1435591 506 -663280.410620 0.000000
 30.000000 19.000000 1000000.000000 5084037941.327424 15800 1 1346489 506 -726472.410620 0.000000
 30.000000 20.000000 1000000.000000 5224821964.588470 15800 4 1352015 506 -789544.410620 0.000000
 30.000000 21.000000 1000000.000000 5208050906.059228 15800 16 1433089 504 -852268.410620 0.000000
 30.000000 22.000000 1000000.000000 4933567381.315710 15800 25 1373425 508 -914948.410620 0.000000
 30.000000 23.000000 1000000.000000 4991721705.457670 15800 98 1371839 504 -974824.410620 0.000000
 30.000000 24.000000 1000000.000000 4937865594.460954 15800 241 1307165 504 -1030960.410620 0.000000
 30.000000 25.000000 1000000.000000 4903534756.718521 15800 630 1303133 508 -1074072.331178 0.000000
 30.000000 26.000000 1000000.000000 3836130297.447739 15800 1404 731699 522 -1086244.583464 0.000000
 30.000000 27.000000 1000000.000000 2310197087.989640 15800 3062 318187 542 -1052795.092366 0.000000
 30.000000 28.000000 1000000.000000 857496182.445498 15800 5294 138321 622 -977382.416960 0.000000
 30.000000 29.000000 1000000.000000 525876651.781371 15800 6692 79611 630 -945557.021460 0.000000
 30.000000 30.000000 1000000.000000 456659173.968861 15800 7171 62151 686 -963208.414400 0.000000
