 1.000000 1.000000 600000.000000 0.000079 961 491 6750 312 -1534.596147 0.000000
 1.000000 2.000000 600000.000000 0.000050 961 482 3414 190 -4317.218388 0.000000
 1.000000 3.000000 600000.000000 0.000045 961 532 3110 178 -6656.900622 0.000000
 1.000000 4.000000 600000.000000 0.000049 961 554 3118 164 -9118.198939 0.000000
 1.000000 5.000000 600000.000000 0.000050 961 530 3214 154 -11869.737471 0.000000
 1.000000 6.000000 600000.000000 0.000069 961 526 2872 160 -14321.188026 0.000000
 1.000000 7.000000 600000.000000 0.000063 961 571 2856 156 -16452.278381 0.000000
 1.000000 8.000000 600000.000000 0.000050 961 547 2878 172 -19251.744116 0.000000
 1.000000 9.000000 600000.000000 0.000042 961 564 2796 154 -21436.033410 0.000000
 1.000000 10.000000 600000.000000 0.000045 961 565 2802 164 -23991.744116 0.000000
 1.000000 11.000000 600000.000000 0.000048 961 565 2898 170 -26235.737471 0.000000
 1.000000 12.000000 600000.000000 0.000052 961 576 3052 176 -28714.733203 0.000000
 1.000000 13.000000 600000.000000 0.000042 961 569 2808 148 -31420.821180 0.000000
 1.000000 14.000000 600000.000000 0.000043 961 618 2896 132 -32946.357822 0.000000
 1.000000 15.000000 600000.000000 0.000054 961 566 2740 144 -36622.733203 0.000000
 1.000000 16.000000 600000.000000 0.000048 961 575 2808 148 -39044.437264 0.000000
 1.000000 17.000000 600000.000000 0.000046 961 553 2836 158 -41815.664675 0.000000
 1.000000 18.000000 600000.000000 0.000042 961 561 2774 160 -44078.892086 0.000000
 1.000000 19.000000 600000.000000 0.000046 961 569 2796 156 -46506.198939 0.000000
 1.000000 20.000000 600000.000000 0.000048 961 591 2746 142 -48326.892086 0.000000
 1.000000 21.000000 600000.000000 0.000051 961 557 2888 160 -51457.267467 0.000000
 1.000000 22.000000 600000.000000 0.000064 961 543 2884 164 -55148.119497 0.000000
 1.000000 23.000000 600000.000000 0.000052 961 553 2890 168 -55895.722290 0.000000
 1.000000 24.000000 600000.000000 0.000054 961 578 2914 162 -58287.585233 0.000000
 1.000000 25.000000 600000.000000 0.000046 961 543 2750 162 -62456.892086 0.000000
 1.000000 26.000000 600000.000000 0.000055 961 538 2976 148 -65405.346909 0.000000
 1.000000 27.000000 600000.000000 0.000051 961 542 2914 170 -67690.733203 0.000000
 1.000000 28.000000 600000.000000 0.000042 961 557 2708 148 -69567.585233 0.000000
 1.000000 29.000000 600000.000000 0.000043 961 588 2774 150 -70055.505792 0.000000
 1.000000 30.000000 600000.000000 0.000042 961 556 2702 168 -74303.426350 0.000000
 2.000000 1.000000 600000.000000 0.000817 841 338 122880 570 -384.823558 0.000000
 2.000000 2.000000 600000.000000 0.000146 961 436 4282 246 -3470.050969 0.000000
 2.000000 3.000000 600000.000000 0.000136 961 479 3388 216 -5947.668943 0.000000
 2.000000 4.000000 600000.000000 0.000115 961 538 3018 196 -8186.050969 0.000000
 2.000000 5.000000 600000.000000 0.000110 961 536 2778 172 -10703.812645 0.000000
 2.000000 6.000000 600000.000000 0.000126 961 532 2856 144 -13455.494878 0.000000
 2.000000 7.000000 600000.000000 0.000133 961 555 2852 180 -15557.119497 0.000000
 2.000000 8.000000 600000.000000 0.000121 961 590 2986 138 -17708.505792 0.000000
 2.000000 9.000000 600000.000000 0.000121 961 568 2968 186 -20104.881173 0.000000
 2.000000 10.000000 600000.000000 0.000118 961 542 2750 158 -23569.357822 0.000000
 2.000000 11.000000 600000.000000 0.000131 961 584 2798 146 -25503.748384 0.000000
 2.000000 12.000000 600000.000000 0.000140 961 554 3040 166 -28462.209852 0.000000
 2.000000 13.000000 600000.000000 0.000146 961 578 3016 144 -30457.048591 0.000000
 2.000000 14.000000 600000.000000 0.000129 961 568 2806 136 -33646.368735 0.000000
 2.000000 15.000000 600000.000000 0.000127 961 573 2824 150 -35233.415437 0.000000
 2.000000 16.000000 600000.000000 0.000154 961 546 2838 152 -38642.801731 0.000000
 2.000000 17.000000 600000.000000 0.000119 961 595 2728 146 -40112.903000 0.000000
 2.000000 18.000000 600000.000000 0.000138 961 537 2818 158 -44305.892086 0.000000
 2.000000 19.000000 600000.000000 0.000116 961 535 2744 170 -46771.596147 0.000000
 2.000000 20.000000 600000.000000 0.000133 961 595 2820 172 -46647.055237 0.000000
 2.000000 21.000000 600000.000000 0.000112 961 536 2664 172 -51428.585233 0.000000
 2.000000 22.000000 600000.000000 0.000121 961 572 2750 156 -52949.574320 0.000000
 2.000000 23.000000 600000.000000 0.000140 961 560 2790 160 -55547.278381 0.000000
 2.000000 24.000000 600000.000000 0.000142 961 584 2822 148 -56838.267467 0.000000
 2.000000 25.000000 600000.000000 0.000124 961 564 3004 168 -60438.960614 0.000000
 2.000000 26.000000 600000.000000 0.000119 961 539 2918 170 -63815.494878 0.000000
 2.000000 27.000000 600000.000000 0.000132 961 563 3018 158 -65866.426350 0.000000
 2.000000 28.000000 600000.000000 0.000140 961 553 2828 146 -68775.971528 0.000000
 2.000000 29.000000 600000.000000 0.000120 961 569 2938 174 -69783.574320 0.000000
 2.000000 30.000000 600000.000000 0.000139 961 551 2754 154 -73698.960614 0.000000
 3.000000 1.000000 600000.000000 0.001921 480 91 122881 620 336.779234 0.000000
 3.000000 2.000000 600000.000000 0.000442 961 358 6822 250 -2842.373003 0.000000
 3.000000 3.000000 600000.000000 0.000416 961 417 4380 178 -5529.911535 0.000000
 3.000000 4.000000 600000.000000 0.000421 961 520 3266 156 -7525.832093 0.000000
 3.000000 5.000000 600000.000000 0.000400 961 538 3054 164 -9838.430618 0.000000
 3.000000 6.000000 600000.000000 0.000353 961 571 2724 172 -12030.214120 0.000000
 3.000000 7.000000 600000.000000 0.000401 961 539 2820 160 -15013.209852 0.000000
 3.000000 8.000000 600000.000000 0.000362 961 518 2904 172 -17638.430618 0.000000
 3.000000 9.000000 600000.000000 0.000343 961 587 2728 132 -19573.823558 0.000000
 3.000000 10.000000 600000.000000 0.000380 961 542 3012 138 -22890.214120 0.000000
 3.000000 11.000000 600000.000000 0.000352 961 564 2784 154 -24742.357822 0.000000
 3.000000 12.000000 600000.000000 0.000340 961 572 2906 170 -26947.823558 0.000000
 3.000000 13.000000 600000.000000 0.000344 961 539 2952 166 -29648.805999 0.000000
 3.000000 14.000000 600000.000000 0.000380 961 569 2868 172 -31401.801731 0.000000
 3.000000 15.000000 600000.000000 0.000378 961 554 2970 154 -34974.892086 0.000000
 3.000000 16.000000 600000.000000 0.000350 961 570 2684 146 -36922.812645 0.000000
 3.000000 17.000000 600000.000000 0.000336 961 555 2916 160 -39780.351176 0.000000
 3.000000 18.000000 600000.000000 0.000437 961 559 2810 148 -42623.282648 0.000000
 3.000000 19.000000 600000.000000 0.000524 961 562 2774 134 -45118.971528 0.000000
 3.000000 20.000000 600000.000000 0.000371 961 569 2956 140 -47522.589501 0.000000
 3.000000 21.000000 600000.000000 0.000328 961 560 2930 152 -49664.040056 0.000000
 3.000000 22.000000 600000.000000 0.000342 961 542 2912 148 -53314.812645 0.000000
 3.000000 23.000000 600000.000000 0.000379 961 547 2900 138 -55962.589501 0.000000
 3.000000 24.000000 600000.000000 0.000324 961 576 2882 174 -56218.589501 0.000000
 3.000000 25.000000 600000.000000 0.000338 961 584 2842 160 -58081.426350 0.000000
 3.000000 26.000000 600000.000000 0.000338 961 552 2720 156 -62762.748384 0.000000
 3.000000 27.000000 600000.000000 0.000319 961 565 2792 154 -65295.209852 0.000000
 3.000000 28.000000 600000.000000 0.000337 961 541 2762 174 -68323.823558 0.000000
 3.000000 29.000000 600000.000000 0.000385 961 548 3012 168 -70452.589501 0.000000
 3.000000 30.000000 600000.000000 0.000376 961 552 2940 152 -72802.812645 0.000000
 4.000000 1.000000 600000.000000 0.495418 1 0 122880 4 6.302585 0.000000
 4.000000 2.000000 600000.000000 0.008593 806 168 122881 476 -1562.505792 0.000000
 4.000000 3.000000 600000.000000 0.001575 961 359 5914 212 -4837.531886 0.000000
 4.000000 4.000000 600000.000000 0.001049 961 449 3820 188 -7098.001890 0.000000
 4.000000 5.000000 600000.000000 0.001018 961 508 3214 156 -9292.209852 0.000000
 4.000000 6.000000 600000.000000 0.000861 961 523 2972 160 -11701.055237 0.000000
 4.000000 7.000000 600000.000000 0.000939 961 528 2830 190 -14101.971528 0.000000
 4.000000 8.000000 600000.000000 0.000859 961 561 2694 162 -16189.971528 0.000000
 4.000000 9.000000 600000.000000 0.000931 961 560 2856 184 -18590.441531 0.000000
 4.000000 10.000000 600000.000000 0.000907 961 553 2830 146 -21150.969150 0.000000
 4.000000 11.000000 600000.000000 0.000845 961 560 2778 180 -23536.585233 0.000000
 4.000000 12.000000 600000.000000 0.001001 961 566 2998 158 -25996.960614 0.000000
 4.000000 13.000000 600000.000000 0.000860 961 553 2802 144 -29327.278381 0.000000
 4.000000 14.000000 600000.000000 0.000866 961 525 2870 182 -31904.896354 0.000000
 4.000000 15.000000 600000.000000 0.001049 961 560 2884 152 -34047.357822 0.000000
 4.000000 16.000000 600000.000000 0.001253 961 573 2856 142 -36093.971528 0.000000
 4.000000 17.000000 600000.000000 0.000884 961 565 2810 154 -38758.505792 0.000000
 4.000000 18.000000 600000.000000 0.000985 961 560 2996 152 -41225.653762 0.000000
 4.000000 19.000000 600000.000000 0.000937 961 549 2886 172 -43578.960614 0.000000
 4.000000 20.000000 600000.000000 0.000872 961 574 2862 156 -45515.128033 0.000000
 4.000000 21.000000 600000.000000 0.000891 961 561 2830 142 -48745.733203 0.000000
 4.000000 22.000000 600000.000000 0.000906 961 562 2778 150 -51650.282648 0.000000
 4.000000 23.000000 600000.000000 0.000951 961 565 2754 186 -52744.346909 0.000000
 4.000000 24.000000 600000.000000 0.001146 961 545 2906 144 -57274.505792 0.000000
 4.000000 25.000000 600000.000000 0.000866 961 558 2828 162 -59075.055237 0.000000
 4.000000 26.000000 600000.000000 0.000851 961 568 2642 166 -60447.892086 0.000000
 4.000000 27.000000 600000.000000 0.001238 961 577 2800 150 -63357.357822 0.000000
 4.000000 28.000000 600000.000000 0.000842 961 553 2668 188 -66402.505792 0.000000
 4.000000 29.000000 600000.000000 0.000965 961 565 2856 152 -68915.278381 0.000000
 4.000000 30.000000 600000.000000 0.000837 961 572 2842 170 -70400.426350 0.000000
 5.000000 1.000000 600000.000000 1.445521 1 0 122880 4 7.302585 0.000000
 5.000000 2.000000 600000.000000 1.132277 8 0 122881 16 3.688879 0.000000
 5.000000 3.000000 600000.000000 0.006490 961 232 13562 196 -4783.209852 0.000000
 5.000000 4.000000 600000.000000 0.003372 961 357 5496 212 -6826.070418 0.000000
 5.000000 5.000000 600000.000000 0.003048 961 434 3818 164 -9170.986709 0.000000
 5.000000 6.000000 600000.000000 0.002916 961 483 3176 166 -11245.911535 0.000000
 5.000000 7.000000 600000.000000 0.002645 961 514 2976 156 -13519.441531 0.000000
 5.000000 8.000000 600000.000000 0.002707 961 544 2984 168 -15396.430618 0.000000
 5.000000 9.000000 600000.000000 0.002346 961 564 2900 162 -17570.812645 0.000000
 5.000000 10.000000 600000.000000 0.002570 961 586 2898 150 -19930.516705 0.000000
 5.000000 11.000000 600000.000000 0.003222 961 573 2960 152 -22711.050969 0.000000
 5.000000 12.000000 600000.000000 0.002949 961 557 2788 154 -25526.357822 0.000000
 5.000000 13.000000 600000.000000 0.002530 961 569 2902 154 -27555.426350 0.000000
 5.000000 14.000000 600000.000000 0.002978 961 580 2778 178 -29721.823558 0.000000
 5.000000 15.000000 600000.000000 0.002842 961 570 2804 146 -32385.960614 0.000000
 5.000000 16.000000 600000.000000 0.002642 961 571 2884 160 -35100.971528 0.000000
 5.000000 17.000000 600000.000000 0.003145 961 593 2814 136 -37120.278381 0.000000
 5.000000 18.000000 600000.000000 0.002720 961 544 2888 168 -40477.188026 0.000000
 5.000000 19.000000 600000.000000 0.002579 961 575 2696 148 -42671.903000 0.000000
 5.000000 20.000000 600000.000000 0.003253 961 580 2880 150 -44507.419705 0.000000
 5.000000 21.000000 600000.000000 0.002744 961 562 2902 164 -47609.108584 0.000000
 5.000000 22.000000 600000.000000 0.002659 961 552 2836 160 -50691.362090 0.000000
 5.000000 23.000000 600000.000000 0.002375 961 581 2752 154 -52256.516705 0.000000
 5.000000 24.000000 600000.000000 0.003329 961 597 2988 170 -53329.188026 0.000000
 5.000000 25.000000 600000.000000 0.003080 961 549 2874 156 -59069.130411 0.000000
 5.000000 26.000000 600000.000000 0.003055 961 541 2892 184 -60157.123765 0.000000
 5.000000 27.000000 600000.000000 0.002350 961 571 2928 156 -62335.203207 0.000000
 5.000000 28.000000 600000.000000 0.002352 961 558 2706 166 -66182.675588 0.000000
 5.000000 29.000000 600000.000000 0.002511 961 582 2832 162 -66913.050969 0.000000
 5.000000 30.000000 600000.000000 0.003068 961 573 2778 146 -70288.437264 0.000000
 6.000000 1.000000 600000.000000 4.007048 1 0 122880 4 8.302585 0.000000
 6.000000 2.000000 600000.000000 3.760884 1 0 122880 4 8.302585 0.000000
 6.000000 3.000000 600000.000000 0.204434 589 44 122880 158 -3066.881173 0.000000
 6.000000 4.000000 600000.000000 0.014982 961 251 9576 188 -6875.596147 0.000000
 6.000000 5.000000 600000.000000 0.009025 961 387 5024 174 -8724.072796 0.000000
 6.000000 6.000000 600000.000000 0.008362 961 437 3756 192 -10848.664675 0.000000
 6.000000 7.000000 600000.000000 0.006567 961 489 3140 176 -12819.452445 0.000000
 6.000000 8.000000 600000.000000 0.008309 961 536 2932 168 -14720.130411 0.000000
 6.000000 9.000000 600000.000000 0.008880 961 557 3022 148 -16784.267467 0.000000
 6.000000 10.000000 600000.000000 0.008412 961 573 2770 132 -19364.664675 0.000000
 6.000000 11.000000 600000.000000 0.007859 961 552 2922 166 -21823.494878 0.000000
 6.000000 12.000000 600000.000000 0.006704 961 539 2826 168 -24489.892086 0.000000
 6.000000 13.000000 600000.000000 0.007437 961 544 2848 182 -26988.585233 0.000000
 6.000000 14.000000 600000.000000 0.008107 961 579 3026 148 -28975.119497 0.000000
 6.000000 15.000000 600000.000000 0.007377 961 538 2914 192 -32150.282648 0.000000
 6.000000 16.000000 600000.000000 0.006692 961 549 2850 148 -34775.119497 0.000000
 6.000000 17.000000 600000.000000 0.007737 961 556 2848 160 -37178.585233 0.000000
 6.000000 18.000000 600000.000000 0.008382 961 560 2962 150 -39516.188026 0.000000
 6.000000 19.000000 600000.000000 0.006848 961 585 2794 156 -40941.198939 0.000000
 6.000000 20.000000 600000.000000 0.006036 961 538 2864 172 -45125.357822 0.000000
 6.000000 21.000000 600000.000000 0.006035 961 561 2622 176 -46491.892086 0.000000
 6.000000 22.000000 600000.000000 0.006113 961 551 2762 160 -49949.198939 0.000000
 6.000000 23.000000 600000.000000 0.007662 961 596 2732 150 -50556.050969 0.000000
 6.000000 24.000000 600000.000000 0.007319 961 546 2988 178 -54683.971528 0.000000
 6.000000 25.000000 600000.000000 0.007313 961 532 2784 166 -58091.494878 0.000000
 6.000000 26.000000 600000.000000 0.007595 961 551 2896 150 -60247.437264 0.000000
 6.000000 27.000000 600000.000000 0.006691 961 553 2786 168 -61959.885441 0.000000
 6.000000 28.000000 600000.000000 0.006944 961 570 2930 164 -64031.812645 0.000000
 6.000000 29.000000 600000.000000 0.007907 961 579 2844 156 -65416.188026 0.000000
 6.000000 30.000000 600000.000000 0.006198 961 588 2850 146 -67760.505792 0.000000
 7.000000 1.000000 600000.000000 10.956084 1 0 122880 4 9.302585 0.000000
 7.000000 2.000000 600000.000000 10.654931 2 0 122881 6 8.995732 0.000000
 7.000000 3.000000 600000.000000 8.848542 3 0 122880 8 5.995732 0.000000
 7.000000 4.000000 600000.000000 0.161951 961 119 28190 152 -7404.415437 0.000000
 7.000000 5.000000 600000.000000 0.043264 961 294 8716 170 -8690.692659 0.000000
 7.000000 6.000000 600000.000000 0.024190 961 399 5268 160 -10593.145592 0.000000
 7.000000 7.000000 600000.000000 0.019470 961 438 3802 188 -12610.293562 0.000000
 7.000000 8.000000 600000.000000 0.018495 961 512 3160 184 -14190.437264 0.000000
 7.000000 9.000000 600000.000000 0.024269 961 536 3052 176 -16133.896354 0.000000
 7.000000 10.000000 600000.000000 0.026136 961 522 3148 172 -19000.892086 0.000000
 7.000000 11.000000 600000.000000 0.019376 961 569 2828 156 -20857.130411 0.000000
 7.000000 12.000000 600000.000000 0.019641 961 569 2914 156 -23169.585233 0.000000
 7.000000 13.000000 600000.000000 0.017672 961 577 2890 158 -25531.975795 0.000000
 7.000000 14.000000 600000.000000 0.015867 961 572 2650 152 -28335.982441 0.000000
 7.000000 15.000000 600000.000000 0.018795 961 570 2964 170 -30252.821180 0.000000
 7.000000 16.000000 600000.000000 0.016574 961 575 2760 144 -33082.971528 0.000000
 7.000000 17.000000 600000.000000 0.017482 961 569 2994 158 -35600.040056 0.000000
 7.000000 18.000000 600000.000000 0.018405 961 530 2830 192 -38739.123765 0.000000
 7.000000 19.000000 600000.000000 0.019111 961 563 2754 144 -41002.040056 0.000000
 7.000000 20.000000 600000.000000 0.021246 961 534 2728 198 -43522.055237 0.000000
 7.000000 21.000000 600000.000000 0.019794 961 550 2782 162 -46668.357822 0.000000
 7.000000 22.000000 600000.000000 0.017503 961 569 2880 156 -47524.415437 0.000000
 7.000000 23.000000 600000.000000 0.019464 961 555 2750 146 -51613.505792 0.000000
 7.000000 24.000000 600000.000000 0.018300 961 546 2866 162 -54341.203207 0.000000
 7.000000 25.000000 600000.000000 0.022207 961 560 2860 154 -56588.119497 0.000000
 7.000000 26.000000 600000.000000 0.019234 961 561 2888 150 -57808.949701 0.000000
 7.000000 27.000000 600000.000000 0.020203 961 574 2784 152 -60746.437264 0.000000
 7.000000 28.000000 600000.000000 0.018805 961 570 2944 156 -63467.664675 0.000000
 7.000000 29.000000 600000.000000 0.016382 961 562 2834 160 -65736.040056 0.000000
 7.000000 30.000000 600000.000000 0.016299 961 547 2704 172 -68475.346909 0.000000
 8.000000 1.000000 600000.000000 29.968685 1 0 122880 4 10.302585 0.000000
 8.000000 2.000000 600000.000000 29.844717 1 0 122880 4 10.302585 0.000000
 8.000000 3.000000 600000.000000 27.830016 3 0 122880 8 3.688879 0.000000
 8.000000 4.000000 600000.000000 3.737641 359 17 122880 106 -2675.040056 0.000000
 8.000000 5.000000 600000.000000 0.319715 961 138 20234 162 -9566.823558 0.000000
 8.000000 6.000000 600000.000000 0.129404 961 286 8628 164 -11038.448177 0.000000
 8.000000 7.000000 600000.000000 0.071822 961 399 4828 178 -12300.448177 0.000000
 8.000000 8.000000 600000.000000 0.070567 961 433 3712 162 -14597.755030 0.000000
 8.000000 9.000000 600000.000000 0.047168 961 484 3244 174 -16312.664675 0.000000
 8.000000 10.000000 600000.000000 0.061269 961 525 3094 162 -18146.130411 0.000000
 8.000000 11.000000 600000.000000 0.056220 961 556 2848 152 -20355.604682 0.000000
 8.000000 12.000000 600000.000000 0.050426 961 573 2904 158 -22154.816912 0.000000
 8.000000 13.000000 600000.000000 0.048692 961 557 2770 156 -25071.907267 0.000000
 8.000000 14.000000 600000.000000 0.053390 961 544 3008 170 -27578.434886 0.000000
 8.000000 15.000000 600000.000000 0.052358 961 593 2764 156 -28817.119497 0.000000
 8.000000 16.000000 600000.000000 0.057947 961 580 2950 148 -32162.982441 0.000000
 8.000000 17.000000 600000.000000 0.047081 961 572 2894 152 -34568.737471 0.000000
 8.000000 18.000000 600000.000000 0.044570 961 554 2784 172 -37425.278381 0.000000
 8.000000 19.000000 600000.000000 0.047738 961 568 2780 164 -39824.130411 0.000000
 8.000000 20.000000 600000.000000 0.053616 961 557 2764 160 -42644.050969 0.000000
 8.000000 21.000000 600000.000000 0.061091 961 563 2824 156 -45336.982441 0.000000
 8.000000 22.000000 600000.000000 0.041083 961 555 2618 164 -47630.505792 0.000000
 8.000000 23.000000 600000.000000 0.048276 961 560 2720 150 -50244.744116 0.000000
 8.000000 24.000000 600000.000000 0.046822 961 584 2768 160 -50985.278381 0.000000
 8.000000 25.000000 600000.000000 0.060636 961 577 2996 142 -54520.658029 0.000000
 8.000000 26.000000 600000.000000 0.046283 961 551 2786 152 -57852.585233 0.000000
 8.000000 27.000000 600000.000000 0.049684 961 575 2810 154 -59183.119497 0.000000
 8.000000 28.000000 600000.000000 0.057856 961 577 2914 164 -61780.744116 0.000000
 8.000000 29.000000 600000.000000 0.051355 961 557 2878 164 -64955.055237 0.000000
 8.000000 30.000000 600000.000000 0.047193 961 564 2838 174 -66794.346909 0.000000
 9.000000 1.000000 600000.000000 80.883369 1 0 122880 4 11.302585 0.000000
 9.000000 2.000000 600000.000000 80.976805 1 0 122880 4 11.302585 0.000000
 9.000000 3.000000 600000.000000 79.055898 1 0 122880 4 11.302585 0.000000
 9.000000 4.000000 600000.000000 66.542805 1 0 122880 4 11.302585 0.000000
 9.000000 5.000000 600000.000000 1.601416 961 69 35500 130 -9796.415437 0.000000
 9.000000 6.000000 600000.000000 0.702580 961 154 17548 152 -12000.430618 0.000000
 9.000000 7.000000 600000.000000 0.341964 961 266 9180 160 -13520.452445 0.000000
 9.000000 8.000000 600000.000000 0.176485 961 402 4972 174 -14278.141324 0.000000
 9.000000 9.000000 600000.000000 0.137849 961 438 3704 194 -16132.596147 0.000000
 9.000000 10.000000 600000.000000 0.152238 961 486 3318 164 -18182.381539 0.000000
 9.000000 11.000000 600000.000000 0.137900 961 546 2984 178 -19155.823558 0.000000
 9.000000 12.000000 600000.000000 0.139089 961 547 2988 160 -21777.664675 0.000000
 9.000000 13.000000 600000.000000 0.132155 961 566 2682 156 -23678.494878 0.000000
 9.000000 14.000000 600000.000000 0.146215 961 573 2866 150 -26067.585233 0.000000
 9.000000 15.000000 600000.000000 0.139518 961 571 3152 170 -28243.346909 0.000000
 9.000000 16.000000 600000.000000 0.128595 961 556 2682 174 -31150.574320 0.000000
 9.000000 17.000000 600000.000000 0.132398 961 571 2912 152 -33444.892086 0.000000
 9.000000 18.000000 600000.000000 0.158838 961 553 2808 176 -36319.585233 0.000000
 9.000000 19.000000 600000.000000 0.143671 961 566 2814 150 -38702.812645 0.000000
 9.000000 20.000000 600000.000000 0.115767 961 567 2764 162 -40999.585233 0.000000
 9.000000 21.000000 600000.000000 0.148164 961 581 2778 150 -43020.198939 0.000000
 9.000000 22.000000 600000.000000 0.136359 961 565 2888 148 -46676.437264 0.000000
 9.000000 23.000000 600000.000000 0.154329 961 551 3052 156 -49414.812645 0.000000
 9.000000 24.000000 600000.000000 0.146511 961 575 2910 160 -51080.055237 0.000000
 9.000000 25.000000 600000.000000 0.168099 961 555 2860 152 -54463.816912 0.000000
 9.000000 26.000000 600000.000000 0.153278 961 579 2892 166 -54847.419705 0.000000
 9.000000 27.000000 600000.000000 0.120096 961 547 2634 164 -59135.960614 0.000000
 9.000000 28.000000 600000.000000 0.138997 961 571 2854 150 -61829.823558 0.000000
 9.000000 29.000000 600000.000000 0.142910 961 556 2844 136 -65149.896354 0.000000
 9.000000 30.000000 600000.000000 0.121711 961 562 2882 154 -66490.351176 0.000000
 10.000000 1.000000 600000.000000 221.856464 1 0 122880 4 12.302585 0.000000
 10.000000 2.000000 600000.000000 221.466197 1 0 122880 4 12.302585 0.000000
 10.000000 3.000000 600000.000000 219.092706 1 0 122880 4 12.302585 0.000000
 10.000000 4.000000 600000.000000 205.843382 1 0 122880 4 12.302585 0.000000
 10.000000 5.000000 600000.000000 28.176765 138 2 122881 56 -1319.675588 0.000000
 10.000000 6.000000 600000.000000 3.322064 961 73 25104 132 -12469.949701 0.000000
 10.000000 7.000000 600000.000000 2.167377 961 160 18554 138 -14626.960614 0.000000
 10.000000 8.000000 600000.000000 0.775821 961 314 8642 160 -14845.070418 0.000000
 10.000000 9.000000 600000.000000 0.559596 961 365 5026 156 -16940.918181 0.000000
 10.000000 10.000000 600000.000000 0.558558 961 458 3662 150 -17885.986709 0.000000
 10.000000 11.000000 600000.000000 0.440378 961 478 3216 182 -19977.986709 0.000000
 10.000000 12.000000 600000.000000 0.389066 961 521 3108 168 -21341.445799 0.000000
 10.000000 13.000000 600000.000000 0.446429 961 526 2996 158 -23741.892086 0.000000
 10.000000 14.000000 600000.000000 0.361551 961 557 2844 146 -25863.748384 0.000000
 10.000000 15.000000 600000.000000 0.450793 961 548 3018 150 -28393.040056 0.000000
 10.000000 16.000000 600000.000000 0.395640 961 581 2862 136 -29934.960614 0.000000
 10.000000 17.000000 600000.000000 0.413141 961 587 2842 136 -32378.426350 0.000000
 10.000000 18.000000 600000.000000 0.438671 961 561 2880 166 -34984.029143 0.000000
 10.000000 19.000000 600000.000000 0.403139 961 559 2882 158 -37855.119497 0.000000
 10.000000 20.000000 600000.000000 0.388400 961 556 2772 174 -40439.278381 0.000000
 10.000000 21.000000 600000.000000 0.371093 961 566 2910 162 -42471.574320 0.000000
 10.000000 22.000000 600000.000000 0.379664 961 575 2890 150 -44734.737471 0.000000
 10.000000 23.000000 600000.000000 0.426892 961 581 2654 174 -46986.664675 0.000000
 10.000000 24.000000 600000.000000 0.398412 961 568 2742 168 -50068.505792 0.000000
 10.000000 25.000000 600000.000000 0.395892 961 577 2896 160 -52405.119497 0.000000
 10.000000 26.000000 600000.000000 0.471060 961 590 2854 136 -54527.971528 0.000000
 10.000000 27.000000 600000.000000 0.411221 961 568 2934 166 -57749.198939 0.000000
 10.000000 28.000000 600000.000000 0.422496 961 552 2940 150 -61080.816912 0.000000
 10.000000 29.000000 600000.000000 0.380055 961 539 2942 156 -64474.514327 0.000000
 10.000000 30.000000 600000.000000 0.396675 961 542 2678 148 -66917.198939 0.000000
 11.000000 1.000000 600000.000000 606.620268 1 0 122880 4 13.302585 0.000000
 11.000000 2.000000 600000.000000 601.003750 1 0 122880 4 13.302585 0.000000
 11.000000 3.000000 600000.000000 601.523258 1 0 122880 4 13.302585 0.000000
 11.000000 4.000000 600000.000000 582.144303 1 0 122880 4 13.302585 0.000000
 11.000000 5.000000 600000.000000 494.863198 1 0 122880 4 13.302585 0.000000
 11.000000 6.000000 600000.000000 19.057090 961 29 55956 130 -12063.722290 0.000000
 11.000000 7.000000 600000.000000 8.534373 961 87 24264 136 -14989.722290 0.000000
 11.000000 8.000000 600000.000000 4.784214 961 164 15916 138 -16784.675588 0.000000
 11.000000 9.000000 600000.000000 2.259847 961 277 8670 150 -17725.448177 0.000000
 11.000000 10.000000 600000.000000 1.470354 961 411 5004 152 -18081.845385 0.000000
 11.000000 11.000000 600000.000000 1.298516 961 450 3670 164 -19873.823558 0.000000
 11.000000 12.000000 600000.000000 1.096126 961 485 3310 162 -21467.130411 0.000000
 11.000000 13.000000 600000.000000 0.966690 961 522 2960 170 -23063.673210 0.000000
 11.000000 14.000000 600000.000000 1.241334 961 570 3018 166 -24058.812645 0.000000
 11.000000 15.000000 600000.000000 1.117160 961 567 2956 154 -27169.664675 0.000000
 11.000000 16.000000 600000.000000 0.921022 961 571 2750 180 -28687.816912 0.000000
 11.000000 17.000000 600000.000000 0.950144 961 545 2848 166 -32475.585233 0.000000
 11.000000 18.000000 600000.000000 1.060133 961 560 2800 144 -34943.823558 0.000000
 11.000000 19.000000 600000.000000 1.156497 961 557 2650 176 -36860.971528 0.000000
 11.000000 20.000000 600000.000000 0.969402 961 592 2736 146 -38148.574320 0.000000
 11.000000 21.000000 600000.000000 1.006224 961 569 2738 168 -41817.050969 0.000000
 11.000000 22.000000 600000.000000 1.072518 961 559 2842 158 -45107.130411 0.000000
 11.000000 23.000000 600000.000000 1.245472 961 565 2866 156 -47635.664675 0.000000
 11.000000 24.000000 600000.000000 1.023962 961 565 2842 176 -48917.585233 0.000000
 11.000000 25.000000 600000.000000 0.944875 961 544 2826 174 -52743.203207 0.000000
 11.000000 26.000000 600000.000000 1.358609 961 571 2936 138 -54599.816912 0.000000
 11.000000 27.000000 600000.000000 0.928531 961 564 3040 182 -55645.188026 0.000000
 11.000000 28.000000 600000.000000 0.961272 961 564 2906 158 -58368.567674 0.000000
 11.000000 29.000000 600000.000000 1.012581 961 558 2754 160 -62250.437264 0.000000
 11.000000 30.000000 600000.000000 1.021115 961 557 2808 156 -64744.662297 0.000000
 12.000000 1.000000 600000.000000 1641.497857 1 0 122880 4 14.302585 0.000000
 12.000000 2.000000 600000.000000 1637.591494 1 0 122880 4 14.302585 0.000000
 12.000000 3.000000 600000.000000 1633.710779 1 0 122880 4 14.302585 0.000000
 12.000000 4.000000 600000.000000 1628.323597 1 0 122880 4 14.302585 0.000000
 12.000000 5.000000 600000.000000 1526.566334 1 0 122880 4 14.302585 0.000000
 12.000000 6.000000 600000.000000 216.874538 57 0 122880 52 -629.755030 0.000000
 12.000000 7.000000 600000.000000 30.627382 961 23 31590 134 -14938.722290 0.000000
 12.000000 8.000000 600000.000000 21.974744 961 73 24002 136 -17788.267467 0.000000
 12.000000 9.000000 600000.000000 15.462728 961 167 16516 140 -19345.357822 0.000000
 12.000000 10.000000 600000.000000 7.420621 961 298 9140 154 -19666.289294 0.000000
 12.000000 11.000000 600000.000000 4.008085 961 387 5112 168 -20308.997622 0.000000
 12.000000 12.000000 600000.000000 3.784838 961 439 4222 160 -22067.293562 0.000000
 12.000000 13.000000 600000.000000 3.229293 961 495 3276 178 -22858.505792 0.000000
 12.000000 14.000000 600000.000000 2.785949 961 526 3046 166 -24675.516705 0.000000
 12.000000 15.000000 600000.000000 3.073084 961 538 2908 148 -27170.520973 0.000000
 12.000000 16.000000 600000.000000 3.309574 961 554 2800 176 -28406.664675 0.000000
 12.000000 17.000000 600000.000000 2.884619 961 562 2732 148 -31238.426350 0.000000
 12.000000 18.000000 600000.000000 3.280819 961 556 2814 154 -33865.812645 0.000000
 12.000000 19.000000 600000.000000 3.296611 961 558 2870 164 -36323.516705 0.000000
 12.000000 20.000000 600000.000000 3.092625 961 547 2960 164 -39032.426350 0.000000
 12.000000 21.000000 600000.000000 2.823438 961 540 2740 168 -41727.430618 0.000000
 12.000000 22.000000 600000.000000 2.825064 961 562 2948 164 -43605.653762 0.000000
 12.000000 23.000000 600000.000000 2.731489 961 573 2810 164 -45144.658029 0.000000
 12.000000 24.000000 600000.000000 3.430518 961 563 2894 146 -49205.055237 0.000000
 12.000000 25.000000 600000.000000 2.832515 961 570 2844 154 -50628.960614 0.000000
 12.000000 26.000000 600000.000000 2.675561 961 561 2750 160 -53541.971528 0.000000
 12.000000 27.000000 600000.000000 2.484307 961 563 2790 182 -55829.278381 0.000000
 12.000000 28.000000 600000.000000 2.856624 961 544 2776 144 -60001.119497 0.000000
 12.000000 29.000000 600000.000000 2.521485 961 572 2886 166 -59767.351176 0.000000
 12.000000 30.000000 600000.000000 3.529959 961 547 2908 172 -64645.596147 0.000000
 13.000000 1.000000 600000.000000 4427.408176 1 0 122880 4 15.302585 0.000000
 13.000000 2.000000 600000.000000 4442.930393 1 0 122880 4 15.302585 0.000000
 13.000000 3.000000 600000.000000 4465.408240 1 0 122880 4 15.302585 0.000000
 13.000000 4.000000 600000.000000 4448.626273 1 0 122880 4 15.302585 0.000000
 13.000000 5.000000 600000.000000 4302.375013 1 0 122880 4 15.302585 0.000000
 13.000000 6.000000 600000.000000 3672.064118 1 0 122880 4 15.302585 0.000000
 13.000000 7.000000 600000.000000 105.857618 961 7 38754 130 -14229.722290 0.000000
 13.000000 8.000000 600000.000000 77.587568 961 26 28450 132 -17733.722290 0.000000
 13.000000 9.000000 600000.000000 61.016269 961 85 22420 130 -20335.267467 0.000000
 13.000000 10.000000 600000.000000 35.744777 961 173 16848 138 -21787.960614 0.000000
 13.000000 11.000000 600000.000000 17.989173 961 306 8692 152 -21481.816912 0.000000
 13.000000 12.000000 600000.000000 10.256673 961 388 4828 160 -22431.838739 0.000000
 13.000000 13.000000 600000.000000 9.888598 961 436 3846 172 -23731.145592 0.000000
 13.000000 14.000000 600000.000000 8.719853 961 489 3374 188 -24437.664675 0.000000
 13.000000 15.000000 600000.000000 10.086460 961 530 3162 168 -26428.755030 0.000000
 13.000000 16.000000 600000.000000 7.921949 961 542 3042 178 -27924.971528 0.000000
 13.000000 17.000000 600000.000000 8.158740 961 567 3022 166 -29416.335995 0.000000
 13.000000 18.000000 600000.000000 6.543969 961 556 2772 132 -33153.123765 0.000000
 13.000000 19.000000 600000.000000 7.344589 961 573 2832 154 -34865.744116 0.000000
 13.000000 20.000000 600000.000000 7.989706 961 555 2856 160 -37631.203207 0.000000
 13.000000 21.000000 600000.000000 9.098168 961 558 2918 170 -39715.960614 0.000000
 13.000000 22.000000 600000.000000 10.791061 961 555 3012 176 -42472.119497 0.000000
 13.000000 23.000000 600000.000000 8.301822 961 563 2722 142 -45385.426350 0.000000
 13.000000 24.000000 600000.000000 7.143000 961 544 3026 154 -48282.574320 0.000000
 13.000000 25.000000 600000.000000 8.668980 961 563 2926 156 -49823.505792 0.000000
 13.000000 26.000000 600000.000000 9.447123 961 577 2922 156 -52062.357822 0.000000
 13.000000 27.000000 600000.000000 7.233735 961 602 2698 176 -52767.823558 0.000000
 13.000000 28.000000 600000.000000 7.602874 961 564 2670 150 -58034.198939 0.000000
 13.000000 29.000000 600000.000000 7.921414 961 561 2854 138 -61241.881173 0.000000
 13.000000 30.000000 600000.000000 7.615333 961 576 2796 164 -61870.040056 0.000000
 14.000000 1.000000 600000.000000 12088.030691 1 0 122880 4 16.302585 0.000000
 14.000000 2.000000 600000.000000 12107.258234 1 0 122880 4 16.302585 0.000000
 14.000000 3.000000 600000.000000 12049.085026 1 0 122880 4 16.302585 0.000000
 14.000000 4.000000 600000.000000 12042.462956 1 0 122880 4 16.302585 0.000000
 14.000000 5.000000 600000.000000 11959.329715 1 0 122880 4 16.302585 0.000000
 14.000000 6.000000 600000.000000 11287.511130 1 0 122880 4 16.302585 0.000000
 14.000000 7.000000 600000.000000 1565.087751 161 0 122880 76 -2198.744116 0.000000
 14.000000 8.000000 600000.000000 275.977536 961 13 36976 128 -17012.722290 0.000000
 14.000000 9.000000 600000.000000 182.559644 961 38 23952 130 -20358.722290 0.000000
 14.000000 10.000000 600000.000000 152.448081 961 65 20444 128 -23600.722290 0.000000
 14.000000 11.000000 600000.000000 120.904513 961 153 17104 144 -24410.368735 0.000000
 14.000000 12.000000 600000.000000 47.996786 961 313 8450 166 -23265.516705 0.000000
 14.000000 13.000000 600000.000000 25.892493 961 352 4732 168 -25089.220766 0.000000
 14.000000 14.000000 600000.000000 21.237693 961 455 3632 160 -25227.220766 0.000000
 14.000000 15.000000 600000.000000 20.188111 961 473 3242 188 -26778.744116 0.000000
 14.000000 16.000000 600000.000000 23.772214 961 548 3286 170 -27029.134679 0.000000
 14.000000 17.000000 600000.000000 19.460259 961 568 2964 162 -29020.130411 0.000000
 14.000000 18.000000 600000.000000 21.638455 961 564 2964 188 -31304.823558 0.000000
 14.000000 19.000000 600000.000000 23.827074 961 551 3002 172 -34084.346909 0.000000
 14.000000 20.000000 600000.000000 19.365455 961 571 2824 160 -36359.437264 0.000000
 14.000000 21.000000 600000.000000 20.891937 961 565 2862 188 -38590.426350 0.000000
 14.000000 22.000000 600000.000000 20.930567 961 553 2694 148 -42218.585233 0.000000
 14.000000 23.000000 600000.000000 23.034507 961 569 2920 148 -43778.123765 0.000000
 14.000000 24.000000 600000.000000 23.827347 961 583 2812 160 -45603.278381 0.000000
 14.000000 25.000000 600000.000000 22.176328 961 563 3030 136 -49654.881173 0.000000
 14.000000 26.000000 600000.000000 20.358959 961 545 2808 190 -51510.426350 0.000000
 14.000000 27.000000 600000.000000 28.316288 961 572 2940 144 -54067.198939 0.000000
 14.000000 28.000000 600000.000000 22.082240 961 578 2806 154 -55499.653762 0.000000
 14.000000 29.000000 600000.000000 23.131688 961 573 3040 158 -58194.960614 0.000000
 14.000000 30.000000 600000.000000 31.103510 961 599 2882 152 -59537.357822 0.000000
 15.000000 1.000000 600000.000000 32761.801363 1 0 122880 4 17.302585 0.000000
 15.000000 2.000000 600000.000000 32738.691751 1 0 122880 4 17.302585 0.000000
 15.000000 3.000000 600000.000000 32892.368196 1 0 122880 4 17.302585 0.000000
 15.000000 4.000000 600000.000000 32722.213365 1 0 122880 4 17.302585 0.000000
 15.000000 5.000000 600000.000000 32585.619205 1 0 122880 4 17.302585 0.000000
 15.000000 6.000000 600000.000000 32065.557157 1 0 122880 4 17.302585 0.000000
 15.000000 7.000000 600000.000000 26914.819947 1 0 122880 4 17.302585 0.000000
 15.000000 8.000000 600000.000000 870.257811 961 4 46960 128 -16195.722290 0.000000
 15.000000 9.000000 600000.000000 590.616276 961 6 29648 130 -19973.722290 0.000000
 15.000000 10.000000 600000.000000 506.017048 961 44 25938 128 -23023.086757 0.000000
 15.000000 11.000000 600000.000000 462.426284 961 82 25162 144 -25330.971528 0.000000
 15.000000 12.000000 600000.000000 288.846943 961 180 18230 140 -26327.505792 0.000000
 15.000000 13.000000 600000.000000 140.855805 961 294 9110 164 -26023.448177 0.000000
 15.000000 14.000000 600000.000000 74.906560 961 390 5190 198 -25768.293562 0.000000
 15.000000 15.000000 600000.000000 64.412828 961 436 3652 190 -26966.755030 0.000000
 15.000000 16.000000 600000.000000 58.700075 961 518 3234 174 -27512.516705 0.000000
 15.000000 17.000000 600000.000000 66.141348 961 535 2998 156 -29454.986709 0.000000
 15.000000 18.000000 600000.000000 64.502507 961 537 2848 188 -31128.198939 0.000000
 15.000000 19.000000 600000.000000 51.310827 961 571 2834 160 -32782.040056 0.000000
 15.000000 20.000000 600000.000000 63.649025 961 544 2992 174 -35949.426350 0.000000
 15.000000 21.000000 600000.000000 58.602678 961 555 2886 156 -38388.198939 0.000000
 15.000000 22.000000 600000.000000 60.460985 961 543 2822 184 -40906.971528 0.000000
 15.000000 23.000000 600000.000000 52.932697 961 581 2682 154 -42738.516705 0.000000
 15.000000 24.000000 600000.000000 65.532190 961 589 2898 138 -44680.574320 0.000000
 15.000000 25.000000 600000.000000 59.018816 961 579 2774 142 -47754.748384 0.000000
 15.000000 26.000000 600000.000000 49.982672 961 531 2768 184 -51787.029143 0.000000
 15.000000 27.000000 600000.000000 58.280767 961 574 2852 162 -52514.278381 0.000000
 15.000000 28.000000 600000.000000 60.098057 961 563 2918 138 -56108.510060 0.000000
 15.000000 29.000000 600000.000000 50.783456 961 578 2770 148 -58114.827826 0.000000
 15.000000 30.000000 600000.000000 64.534272 961 563 2842 154 -60602.271735 0.000000
 16.000000 1.000000 600000.000000 89049.440092 1 0 122880 4 18.302585 0.000000
 16.000000 2.000000 600000.000000 89962.897974 1 0 122880 4 18.302585 0.000000
 16.000000 3.000000 600000.000000 88891.567423 1 0 122880 4 18.302585 0.000000
 16.000000 4.000000 600000.000000 89039.855613 1 0 122880 4 18.302585 0.000000
 16.000000 5.000000 600000.000000 89444.067714 1 0 122880 4 18.302585 0.000000
 16.000000 6.000000 600000.000000 88190.137069 1 0 122880 4 18.302585 0.000000
 16.000000 7.000000 600000.000000 83342.255797 1 0 122880 4 18.302585 0.000000
 16.000000 8.000000 600000.000000 26844.660948 32 0 122881 30 -468.686502 0.000000
 16.000000 9.000000 600000.000000 1839.912873 961 10 34922 130 -18940.722290 0.000000
 16.000000 10.000000 600000.000000 1462.818236 961 10 26044 130 -22758.722290 0.000000
 16.000000 11.000000 600000.000000 1563.595616 961 44 26996 134 -25784.722290 0.000000
 16.000000 12.000000 600000.000000 1138.844144 961 83 22648 132 -28547.848433 0.000000
 16.000000 13.000000 600000.000000 733.243461 961 163 17366 138 -29434.267467 0.000000
 16.000000 14.000000 600000.000000 409.985828 961 312 9070 162 -27685.525241 0.000000
 16.000000 15.000000 600000.000000 198.095035 961 379 5066 190 -28040.903000 0.000000
 16.000000 16.000000 600000.000000 188.230660 961 441 3854 168 -29082.759298 0.000000
 16.000000 17.000000 600000.000000 161.442143 961 497 3068 172 -29748.744116 0.000000
 16.000000 18.000000 600000.000000 182.059056 961 518 2970 168 -31580.903000 0.000000
 16.000000 19.000000 600000.000000 166.857285 961 571 2970 158 -32091.668943 0.000000
 16.000000 20.000000 600000.000000 149.715492 961 550 2912 174 -34591.198939 0.000000
 16.000000 21.000000 600000.000000 164.952602 961 556 2886 164 -37344.832093 0.000000
 16.000000 22.000000 600000.000000 163.007796 961 535 2916 162 -41140.903000 0.000000
 16.000000 23.000000 600000.000000 168.771473 961 553 2986 162 -42918.505792 0.000000
 16.000000 24.000000 600000.000000 166.408014 961 534 2926 180 -45696.585233 0.000000
 16.000000 25.000000 600000.000000 141.422342 961 575 2800 148 -46231.964882 0.000000
 16.000000 26.000000 600000.000000 173.044686 961 557 2808 194 -49182.823558 0.000000
 16.000000 27.000000 600000.000000 160.616704 961 577 2820 174 -51503.437264 0.000000
 16.000000 28.000000 600000.000000 152.811033 961 554 2798 144 -55035.040056 0.000000
 16.000000 29.000000 600000.000000 149.653496 961 543 2684 168 -57952.188026 0.000000
 16.000000 30.000000 600000.000000 187.948429 961 540 2916 160 -61391.198939 0.000000
 17.000000 1.000000 600000.000000 241727.688201 1 0 122880 4 19.302585 0.000000
 17.000000 2.000000 600000.000000 243376.997464 1 0 122880 4 19.302585 0.000000
 17.000000 3.000000 600000.000000 244526.679384 1 0 122880 4 19.302585 0.000000
 17.000000 4.000000 600000.000000 244782.224108 1 0 122880 4 19.302585 0.000000
 17.000000 5.000000 600000.000000 242942.545665 1 0 122880 4 19.302585 0.000000
 17.000000 6.000000 600000.000000 243887.792707 1 0 122880 4 19.302585 0.000000
 17.000000 7.000000 600000.000000 235450.569862 1 0 122880 4 19.302585 0.000000
 17.000000 8.000000 600000.000000 197011.582508 1 0 122880 4 19.302585 0.000000
 17.000000 9.000000 600000.000000 7258.699528 961 1 50290 130 -18141.722290 0.000000
 17.000000 10.000000 600000.000000 4316.555313 961 7 28326 130 -21857.722290 0.000000
 17.000000 11.000000 600000.000000 4238.343233 961 16 28356 128 -25505.722290 0.000000
 17.000000 12.000000 600000.000000 3978.634056 961 35 25256 130 -28802.097671 0.000000
 17.000000 13.000000 600000.000000 3254.040315 961 95 23554 130 -30480.812645 0.000000
 17.000000 14.000000 600000.000000 2442.551351 961 160 19780 142 -31870.040056 0.000000
 17.000000 15.000000 600000.000000 928.637658 961 288 9156 172 -30517.673210 0.000000
 17.000000 16.000000 600000.000000 635.064827 961 379 4854 160 -30532.379649 0.000000
 17.000000 17.000000 600000.000000 497.824865 961 444 3838 156 -31040.061883 0.000000
 17.000000 18.000000 600000.000000 485.328845 961 506 3310 168 -31262.134679 0.000000
 17.000000 19.000000 600000.000000 430.412618 961 517 3050 160 -33029.975795 0.000000
 17.000000 20.000000 600000.000000 413.512461 961 541 2912 170 -34058.885441 0.000000
 17.000000 21.000000 600000.000000 482.966860 961 563 2818 152 -36303.744116 0.000000
 17.000000 22.000000 600000.000000 471.913785 961 550 2800 176 -38626.733203 0.000000
 17.000000 23.000000 600000.000000 453.406223 961 545 2874 184 -41444.128033 0.000000
 17.000000 24.000000 600000.000000 437.558994 961 562 2830 154 -43724.119497 0.000000
 17.000000 25.000000 600000.000000 438.029836 961 585 2814 130 -46139.209852 0.000000
 17.000000 26.000000 600000.000000 444.632104 961 588 2566 152 -46695.578588 0.000000
 17.000000 27.000000 600000.000000 474.951529 961 570 2732 184 -49940.589501 0.000000
 17.000000 28.000000 600000.000000 408.467049 961 572 2846 178 -52398.892086 0.000000
 17.000000 29.000000 600000.000000 379.229075 961 553 2798 160 -57353.520973 0.000000
 17.000000 30.000000 600000.000000 469.007684 961 566 2880 142 -59295.050969 0.000000
 18.000000 1.000000 600000.000000 659644.095492 1 0 122880 4 20.302585 0.000000
 18.000000 2.000000 600000.000000 661112.060214 1 0 122880 4 20.302585 0.000000
 18.000000 3.000000 600000.000000 658088.472177 1 0 122880 4 20.302585 0.000000
 18.000000 4.000000 600000.000000 660852.449432 1 0 122880 4 20.302585 0.000000
 18.000000 5.000000 600000.000000 657960.968208 1 0 122880 4 20.302585 0.000000
 18.000000 6.000000 600000.000000 658489.990212 1 0 122880 4 20.302585 0.000000
 18.000000 7.000000 600000.000000 655149.521974 1 0 122880 4 20.302585 0.000000
 18.000000 8.000000 600000.000000 616349.103905 1 0 122880 4 20.302585 0.000000
 18.000000 9.000000 600000.000000 109927.658774 110 0 122881 54 -1924.368735 0.000000
 18.000000 10.000000 600000.000000 13614.692717 961 2 33346 130 -20996.722290 0.000000
 18.000000 11.000000 600000.000000 11211.207870 961 6 27026 130 -24742.722290 0.000000
 18.000000 12.000000 600000.000000 10727.862143 961 12 25806 128 -28448.722290 0.000000
 18.000000 13.000000 600000.000000 10326.532894 961 37 26596 130 -31588.722290 0.000000
 18.000000 14.000000 600000.000000 9990.275388 961 83 24344 128 -34063.335995 0.000000
 18.000000 15.000000 600000.000000 6263.110450 961 166 19644 144 -33527.293562 0.000000
 18.000000 16.000000 600000.000000 2899.565685 961 294 8480 146 -32411.308743 0.000000
 18.000000 17.000000 600000.000000 1835.596862 961 377 4662 170 -32117.452445 0.000000
 18.000000 18.000000 600000.000000 1318.068293 961 449 3702 162 -32617.141324 0.000000
 18.000000 19.000000 600000.000000 1163.248584 961 491 3118 200 -32219.589501 0.000000
 18.000000 20.000000 600000.000000 1002.791417 961 536 2942 164 -33589.198939 0.000000
 18.000000 21.000000 600000.000000 1158.361752 961 573 2932 146 -34871.040056 0.000000
 18.000000 22.000000 600000.000000 1216.592870 961 542 2900 150 -38410.267467 0.000000
 18.000000 23.000000 600000.000000 1412.506265 961 557 3058 186 -39932.044324 0.000000
 18.000000 24.000000 600000.000000 1226.761072 961 570 2918 162 -42382.585233 0.000000
 18.000000 25.000000 600000.000000 1268.242968 961 564 2900 152 -45664.123765 0.000000
 18.000000 26.000000 600000.000000 1224.801331 961 541 3000 166 -48387.964882 0.000000
 18.000000 27.000000 600000.000000 1040.033131 961 549 2926 178 -50431.351176 0.000000
 18.000000 28.000000 600000.000000 1073.894511 961 568 2726 152 -51930.801731 0.000000
 18.000000 29.000000 600000.000000 1115.946105 961 562 2810 156 -55227.892086 0.000000
 18.000000 30.000000 600000.000000 1079.335063 961 540 2806 146 -59463.653762 0.000000
 19.000000 1.000000 600000.000000 1790181.757612 1 0 122880 4 21.302585 0.000000
 19.000000 2.000000 600000.000000 1789629.321524 1 0 122880 4 21.302585 0.000000
 19.000000 3.000000 600000.000000 1780267.224358 1 0 122880 4 21.302585 0.000000
 19.000000 4.000000 600000.000000 1783896.366805 1 0 122880 4 21.302585 0.000000
 19.000000 5.000000 600000.000000 1786335.103527 1 0 122880 4 21.302585 0.000000
 19.000000 6.000000 600000.000000 1792389.744207 1 0 122880 4 21.302585 0.000000
 19.000000 7.000000 600000.000000 1789734.350904 1 0 122880 4 21.302585 0.000000
 19.000000 8.000000 600000.000000 1754682.416417 1 0 122880 4 21.302585 0.000000
 19.000000 9.000000 600000.000000 1458566.419332 1 0 122880 4 21.302585 0.000000
 19.000000 10.000000 600000.000000 45714.613141 961 2 43820 128 -20055.722290 0.000000
 19.000000 11.000000 600000.000000 34305.627766 961 2 30764 128 -23891.722290 0.000000
 19.000000 12.000000 600000.000000 31230.056697 961 2 28038 130 -27703.722290 0.000000
 19.000000 13.000000 600000.000000 28483.988195 961 6 25850 128 -31459.722290 0.000000
 19.000000 14.000000 600000.000000 27254.428743 961 41 25210 132 -34251.722290 0.000000
 19.000000 15.000000 600000.000000 24357.709398 961 69 21572 128 -37225.722290 0.000000
 19.000000 16.000000 600000.000000 15523.372741 961 182 15604 144 -35733.209852 0.000000
 19.000000 17.000000 600000.000000 8653.302421 961 288 9170 144 -35165.679856 0.000000
 19.000000 18.000000 600000.000000 5093.785072 961 384 5282 164 -34285.527618 0.000000
 19.000000 19.000000 600000.000000 3343.803264 961 424 3626 184 -34809.448177 0.000000
 19.000000 20.000000 600000.000000 3163.649662 961 474 3194 178 -35223.346909 0.000000
 19.000000 21.000000 600000.000000 3207.585215 961 552 2892 174 -34843.050969 0.000000
 19.000000 22.000000 600000.000000 3435.710471 961 578 2928 164 -36090.812645 0.000000
 19.000000 23.000000 600000.000000 3228.797091 961 577 2772 136 -39443.050969 0.000000
 19.000000 24.000000 600000.000000 2616.822270 961 585 2828 166 -40311.346909 0.000000
 19.000000 25.000000 600000.000000 2786.497687 961 550 2880 144 -45158.892086 0.000000
 19.000000 26.000000 600000.000000 3491.690328 961 568 2762 162 -46393.426350 0.000000
 19.000000 27.000000 600000.000000 4286.965986 961 571 2812 144 -49158.357822 0.000000
 19.000000 28.000000 600000.000000 3410.148040 961 538 2848 174 -52766.430618 0.000000
 19.000000 29.000000 600000.000000 3065.969697 961 560 2858 152 -54437.203207 0.000000
 19.000000 30.000000 600000.000000 3010.801433 961 572 2892 146 -55738.494878 0.000000
 20.000000 1.000000 600000.000000 4860234.800586 1 0 122880 4 22.302585 0.000000
 20.000000 2.000000 600000.000000 4888147.653892 1 0 122880 4 22.302585 0.000000
 20.000000 3.000000 600000.000000 4855084.153827 1 0 122880 4 22.302585 0.000000
 20.000000 4.000000 600000.000000 4932682.064620 1 0 122880 4 22.302585 0.000000
 20.000000 5.000000 600000.000000 4878210.057671 1 0 122880 4 22.302585 0.000000
 20.000000 6.000000 600000.000000 4882275.311137 1 0 122880 4 22.302585 0.000000
 20.000000 7.000000 600000.000000 4841856.745159 1 0 122880 4 22.302585 0.000000
 20.000000 8.000000 600000.000000 4819924.026906 1 0 122880 4 22.302585 0.000000
 20.000000 9.000000 600000.000000 4551765.892800 3 0 122880 8 8.995732 0.000000
 20.000000 10.000000 600000.000000 1310143.015694 31 0 122880 32 -567.993354 0.000000
 20.000000 11.000000 600000.000000 87802.701303 961 3 31232 128 -22908.722290 0.000000
 20.000000 12.000000 600000.000000 86730.083744 961 2 28554 128 -26766.722290 0.000000
 20.000000 13.000000 600000.000000 81400.606671 961 9 27710 130 -30394.722290 0.000000
 20.000000 14.000000 600000.000000 84279.337207 961 16 28950 130 -34018.722290 0.000000
 20.000000 15.000000 600000.000000 72790.051931 961 27 26002 130 -37494.722290 0.000000
 20.000000 16.000000 600000.000000 67925.104106 961 80 22528 130 -39512.260822 0.000000
 20.000000 17.000000 600000.000000 47895.570130 961 162 17732 138 -39152.267467 0.000000
 20.000000 18.000000 600000.000000 19844.219469 961 305 9140 160 -36762.752652 0.000000
 20.000000 19.000000 600000.000000 11968.493812 961 388 4794 144 -36010.759298 0.000000
 20.000000 20.000000 600000.000000 11981.599582 961 445 3620 202 -35523.834471 0.000000
 20.000000 21.000000 600000.000000 10099.888568 961 502 3498 182 -35763.286916 0.000000
 20.000000 22.000000 600000.000000 9773.220728 961 523 3056 158 -37687.357822 0.000000
 20.000000 23.000000 600000.000000 8281.466402 961 545 3002 158 -39717.812645 0.000000
 20.000000 24.000000 600000.000000 8355.458612 961 565 2790 156 -40700.585233 0.000000
 20.000000 25.000000 600000.000000 11269.589233 961 551 2936 168 -43599.748384 0.000000
 20.000000 26.000000 600000.000000 8426.980266 961 583 3036 162 -45132.903000 0.000000
 20.000000 27.000000 600000.000000 7811.083032 961 571 2846 168 -47767.437264 0.000000
 20.000000 28.000000 600000.000000 9124.928460 961 562 2840 138 -51644.585233 0.000000
 20.000000 29.000000 600000.000000 7496.155130 961 545 2814 198 -53364.585233 0.000000
 20.000000 30.000000 600000.000000 7634.070628 961 561 2832 172 -55133.335995 0.000000
 21.000000 1.000000 600000.000000 13292840.919609 1 0 122880 4 23.302585 0.000000
 21.000000 2.000000 600000.000000 13326143.776412 1 0 122880 4 23.302585 0.000000
 21.000000 3.000000 600000.000000 13217646.392082 1 0 122880 4 23.302585 0.000000
 21.000000 4.000000 600000.000000 13202319.002815 1 0 122880 4 23.302585 0.000000
 21.000000 5.000000 600000.000000 13186621.155171 1 0 122880 4 23.302585 0.000000
 21.000000 6.000000 600000.000000 13228052.019782 1 0 122880 4 23.302585 0.000000
 21.000000 7.000000 600000.000000 13229594.716186 1 0 122880 4 23.302585 0.000000
 21.000000 8.000000 600000.000000 13151702.093511 1 0 122880 4 23.302585 0.000000
 21.000000 9.000000 600000.000000 12861421.096889 1 0 122880 4 23.302585 0.000000
 21.000000 10.000000 600000.000000 10760804.542158 2 0 122881 6 4.995732 0.000000
 21.000000 11.000000 600000.000000 405442.794423 961 1 51884 128 -21991.722290 0.000000
 21.000000 12.000000 600000.000000 220711.343906 961 1 27642 128 -25829.722290 0.000000
 21.000000 13.000000 600000.000000 227576.256903 961 4 27700 128 -29589.722290 0.000000
 21.000000 14.000000 600000.000000 225088.401668 961 1 25784 130 -33477.722290 0.000000
 21.000000 15.000000 600000.000000 223566.543785 961 13 27166 128 -36983.722290 0.000000
 21.000000 16.000000 600000.000000 219642.326999 961 28 26544 130 -40285.722290 0.000000
 21.000000 17.000000 600000.000000 191653.679278 961 86 24838 134 -41861.188026 0.000000
 21.000000 18.000000 600000.000000 126669.722563 961 172 17778 136 -41871.642848 0.000000
 21.000000 19.000000 600000.000000 53757.295358 961 312 9180 162 -38308.525241 0.000000
 21.000000 20.000000 600000.000000 32188.365851 961 383 5004 194 -37561.448177 0.000000
 21.000000 21.000000 600000.000000 20795.640191 961 444 3464 166 -38094.006158 0.000000
 21.000000 22.000000 600000.000000 21563.578288 961 513 3308 194 -36812.748384 0.000000
 21.000000 23.000000 600000.000000 23093.258790 961 520 2922 170 -39495.362090 0.000000
 21.000000 24.000000 600000.000000 21272.581579 961 550 2878 156 -40360.589501 0.000000
 21.000000 25.000000 600000.000000 24591.334668 961 557 2898 146 -42532.040056 0.000000
 21.000000 26.000000 600000.000000 22673.707526 961 544 2796 172 -45930.198939 0.000000
 21.000000 27.000000 600000.000000 24418.284995 961 540 2934 172 -47267.730825 0.000000
 21.000000 28.000000 600000.000000 24868.329421 961 552 2792 166 -50181.664675 0.000000
 21.000000 29.000000 600000.000000 26049.577584 961 572 2794 172 -51469.346909 0.000000
 21.000000 30.000000 600000.000000 24606.293704 961 555 2946 136 -55976.494878 0.000000
 22.000000 1.000000 600000.000000 35898319.035088 1 0 122880 4 24.302585 0.000000
 22.000000 2.000000 600000.000000 36071224.960025 1 0 122880 4 24.302585 0.000000
 22.000000 3.000000 600000.000000 36059673.393539 1 0 122880 4 24.302585 0.000000
 22.000000 4.000000 600000.000000 35891848.660155 1 0 122880 4 24.302585 0.000000
 22.000000 5.000000 600000.000000 36045390.337458 1 0 122880 4 24.302585 0.000000
 22.000000 6.000000 600000.000000 35993743.727145 1 0 122880 4 24.302585 0.000000
 22.000000 7.000000 600000.000000 36112431.332113 1 0 122880 4 24.302585 0.000000
 22.000000 8.000000 600000.000000 35797082.585394 1 0 122880 4 24.302585 0.000000
 22.000000 9.000000 600000.000000 35460019.445352 1 0 122880 4 24.302585 0.000000
 22.000000 10.000000 600000.000000 33567072.983369 2 0 122881 6 6.995732 0.000000
 22.000000 11.000000 600000.000000 5487057.593505 153 0 122880 68 -3297.516705 0.000000
 22.000000 12.000000 600000.000000 767662.930085 961 0 36670 130 -24868.722290 0.000000
 22.000000 13.000000 600000.000000 620806.475267 961 1 28634 128 -28706.722290 0.000000
 22.000000 14.000000 600000.000000 656085.585687 961 2 31890 130 -32488.722290 0.000000
 22.000000 15.000000 600000.000000 565385.659684 961 6 26026 128 -36232.722290 0.000000
 22.000000 16.000000 600000.000000 586687.604956 961 15 26636 130 -39740.722290 0.000000
 22.000000 17.000000 600000.000000 649829.960994 961 32 27736 130 -42970.722290 0.000000
 22.000000 18.000000 600000.000000 520887.193575 961 96 25020 136 -44293.949701 0.000000
 22.000000 19.000000 600000.000000 348601.978100 961 185 17196 128 -43837.653762 0.000000
 22.000000 20.000000 600000.000000 138948.391559 961 298 8454 148 -41506.362090 0.000000
 22.000000 21.000000 600000.000000 95768.581307 961 385 4808 148 -40031.452445 0.000000
 22.000000 22.000000 600000.000000 87595.830359 961 461 3868 154 -39378.903000 0.000000
 22.000000 23.000000 600000.000000 64160.627811 961 494 3352 168 -40198.903000 0.000000
 22.000000 24.000000 600000.000000 66655.472168 961 516 2998 172 -41377.293562 0.000000
 22.000000 25.000000 600000.000000 70679.579444 961 557 2912 160 -41979.827826 0.000000
 22.000000 26.000000 600000.000000 50969.460860 961 556 2770 160 -43977.040056 0.000000
 22.000000 27.000000 600000.000000 64639.937785 961 564 2758 160 -46865.892086 0.000000
 22.000000 28.000000 600000.000000 66358.579557 961 557 2954 146 -49328.752652 0.000000
 22.000000 29.000000 600000.000000 69657.907901 961 576 2900 156 -50750.050969 0.000000
 22.000000 30.000000 600000.000000 54850.020337 961 588 2714 146 -52681.733203 0.000000
 23.000000 1.000000 600000.000000 97570811.163426 1 0 122880 4 25.302585 0.000000
 23.000000 2.000000 600000.000000 98165205.468098 1 0 122880 4 25.302585 0.000000
 23.000000 3.000000 600000.000000 97344370.860177 1 0 122880 4 25.302585 0.000000
 23.000000 4.000000 600000.000000 97586389.423345 1 0 122880 4 25.302585 0.000000
 23.000000 5.000000 600000.000000 97596274.462809 1 0 122880 4 25.302585 0.000000
 23.000000 6.000000 600000.000000 98330287.713586 1 0 122880 4 25.302585 0.000000
 23.000000 7.000000 600000.000000 97790050.868635 1 0 122880 4 25.302585 0.000000
 23.000000 8.000000 600000.000000 97769608.311824 1 0 122880 4 25.302585 0.000000
 23.000000 9.000000 600000.000000 97115528.765600 1 0 122880 4 25.302585 0.000000
 23.000000 10.000000 600000.000000 95763450.924054 1 0 122880 4 25.302585 0.000000
 23.000000 11.000000 600000.000000 79904511.172773 1 0 122880 4 25.302585 0.000000
 23.000000 12.000000 600000.000000 2377189.266422 961 0 42610 130 -23907.722290 0.000000
 23.000000 13.000000 600000.000000 1669397.513929 961 0 28446 130 -27745.722290 0.000000
 23.000000 14.000000 600000.000000 1487535.805761 961 0 24202 130 -31583.722290 0.000000
 23.000000 15.000000 600000.000000 2031524.063562 961 0 31738 130 -35421.722290 0.000000
 23.000000 16.000000 600000.000000 1702646.244942 961 5 28544 128 -39131.722290 0.000000
 23.000000 17.000000 600000.000000 1681671.644074 961 10 27458 132 -42723.722290 0.000000
 23.000000 18.000000 600000.000000 1391468.275704 961 36 22186 128 -45675.722290 0.000000
 23.000000 19.000000 600000.000000 1287317.954631 961 86 23676 140 -47275.642848 0.000000
 23.000000 20.000000 600000.000000 883725.257050 961 139 16598 142 -47857.960614 0.000000
 23.000000 21.000000 600000.000000 417890.505892 961 276 9370 158 -44143.664675 0.000000
 23.000000 22.000000 600000.000000 264301.741724 961 405 5190 166 -41241.527618 0.000000
 23.000000 23.000000 600000.000000 175898.145373 961 454 3706 186 -40851.368735 0.000000
 23.000000 24.000000 600000.000000 202529.289090 961 469 3282 178 -42724.675588 0.000000
 23.000000 25.000000 600000.000000 179571.525287 961 555 3126 150 -41167.664675 0.000000
 23.000000 26.000000 600000.000000 187553.902636 961 573 2960 172 -42240.668943 0.000000
 23.000000 27.000000 600000.000000 155924.694147 961 557 2872 178 -44984.119497 0.000000
 23.000000 28.000000 600000.000000 160538.476991 961 534 2780 150 -49653.426350 0.000000
 23.000000 29.000000 600000.000000 181095.107730 961 566 3020 146 -50477.426350 0.000000
 23.000000 30.000000 600000.000000 171285.620033 961 528 2832 172 -54356.351176 0.000000
 24.000000 1.000000 600000.000000 265412084.581379 1 0 122880 4 26.302585 0.000000
 24.000000 2.000000 600000.000000 265141008.938370 1 0 122880 4 26.302585 0.000000
 24.000000 3.000000 600000.000000 265788549.308056 1 0 122880 4 26.302585 0.000000
 24.000000 4.000000 600000.000000 265655597.805629 1 0 122880 4 26.302585 0.000000
 24.000000 5.000000 600000.000000 266481294.040254 1 0 122880 4 26.302585 0.000000
 24.000000 6.000000 600000.000000 265610354.434231 1 0 122880 4 26.302585 0.000000
 24.000000 7.000000 600000.000000 265521602.822705 1 0 122880 4 26.302585 0.000000
 24.000000 8.000000 600000.000000 265517838.383609 1 0 122880 4 26.302585 0.000000
 24.000000 9.000000 600000.000000 266162445.576752 1 0 122880 4 26.302585 0.000000
 24.000000 10.000000 600000.000000 263708515.399023 1 0 122880 4 26.302585 0.000000
 24.000000 11.000000 600000.000000 248286491.652452 1 0 122880 4 26.302585 0.000000
 24.000000 12.000000 600000.000000 43191769.876392 131 0 122880 54 -3076.368735 0.000000
 24.000000 13.000000 600000.000000 5666628.070401 961 0 34264 130 -26784.722290 0.000000
 24.000000 14.000000 600000.000000 4231266.339762 961 1 26850 128 -30622.722290 0.000000
 24.000000 15.000000 600000.000000 4712942.123828 961 1 30444 128 -34460.722290 0.000000
 24.000000 16.000000 600000.000000 4027982.538198 961 2 23954 130 -38234.722290 0.000000
 24.000000 17.000000 600000.000000 4590900.862936 961 5 28002 128 -42000.722290 0.000000
 24.000000 18.000000 600000.000000 4173316.299521 961 9 23470 130 -45650.722290 0.000000
 24.000000 19.000000 600000.000000 4302162.202176 961 32 25278 130 -48596.722290 0.000000
 24.000000 20.000000 600000.000000 4356685.354155 961 77 28894 138 -49349.437264 0.000000
 24.000000 21.000000 600000.000000 2331014.405110 961 162 17452 132 -49064.744116 0.000000
 24.000000 22.000000 600000.000000 1221510.163414 961 314 9258 146 -45450.593769 0.000000
 24.000000 23.000000 600000.000000 735122.948463 961 392 5260 168 -43525.755030 0.000000
 24.000000 24.000000 600000.000000 596633.650028 961 432 3842 174 -44062.600414 0.000000
 24.000000 25.000000 600000.000000 544727.525585 961 512 3304 196 -41457.134679 0.000000
 24.000000 26.000000 600000.000000 395085.819515 961 513 2992 208 -43302.816912 0.000000
 24.000000 27.000000 600000.000000 468582.292294 961 558 3008 152 -44336.499146 0.000000
 24.000000 28.000000 600000.000000 505420.047215 961 554 2980 160 -47287.351176 0.000000
 24.000000 29.000000 600000.000000 504665.628836 961 559 2832 162 -49459.812645 0.000000
 24.000000 30.000000 600000.000000 391004.956756 961 560 2650 144 -52316.960614 0.000000
 25.000000 1.000000 600000.000000 720078604.244903 1 0 122880 4 27.302585 0.000000
 25.000000 2.000000 600000.000000 721953250.520284 1 0 122880 4 27.302585 0.000000
 25.000000 3.000000 600000.000000 720896986.356148 1 0 122880 4 27.302585 0.000000
 25.000000 4.000000 600000.000000 723516358.112098 1 0 122880 4 27.302585 0.000000
 25.000000 5.000000 600000.000000 723747069.320268 1 0 122880 4 27.302585 0.000000
 25.000000 6.000000 600000.000000 720635322.944002 1 0 122880 4 27.302585 0.000000
 25.000000 7.000000 600000.000000 724287996.588153 1 0 122880 4 27.302585 0.000000
 25.000000 8.000000 600000.000000 722505654.104460 1 0 122880 4 27.302585 0.000000
 25.000000 9.000000 600000.000000 719973818.984933 1 0 122880 4 27.302585 0.000000
 25.000000 10.000000 600000.000000 721832974.380901 1 0 122880 4 27.302585 0.000000
 25.000000 11.000000 600000.000000 702657004.811124 1 0 122880 4 27.302585 0.000000
 25.000000 12.000000 600000.000000 592590008.328098 1 0 122880 4 27.302585 0.000000
 25.000000 13.000000 600000.000000 20190665.813567 961 0 49672 130 -25823.722290 0.000000
 25.000000 14.000000 600000.000000 13242132.484882 961 0 29716 130 -29661.722290 0.000000
 25.000000 15.000000 600000.000000 10425177.491675 961 0 23648 130 -33499.722290 0.000000
 25.000000 16.000000 600000.000000 11739305.818028 961 2 25754 128 -37305.722290 0.000000
 25.000000 17.000000 600000.000000 13875409.726781 961 4 31740 130 -41039.722290 0.000000
 25.000000 18.000000 600000.000000 14649891.111662 961 6 32504 130 -44797.722290 0.000000
 25.000000 19.000000 600000.000000 13079360.258285 961 11 28690 128 -48471.722290 0.000000
 25.000000 20.000000 600000.000000 11828321.230986 961 37 27142 130 -51209.722290 0.000000
 25.000000 21.000000 600000.000000 9369208.306934 961 93 21634 132 -52497.108584 0.000000
 25.000000 22.000000 600000.000000 6817319.605592 961 201 18614 144 -49995.362090 0.000000
 25.000000 23.000000 600000.000000 2796233.926484 961 297 8632 164 -46890.611328 0.000000
 25.000000 24.000000 600000.000000 1712537.907937 961 388 4734 182 -44839.304475 0.000000
 25.000000 25.000000 600000.000000 1562006.635862 961 454 3690 198 -43906.061883 0.000000
 25.000000 26.000000 600000.000000 1646250.435483 961 477 3180 164 -46041.664675 0.000000
 25.000000 27.000000 600000.000000 1257813.578424 961 521 3004 178 -45770.437264 0.000000
 25.000000 28.000000 600000.000000 913503.268284 961 566 2820 184 -45213.975795 0.000000
 25.000000 29.000000 600000.000000 1262943.475752 961 564 2888 170 -48035.505792 0.000000
 25.000000 30.000000 600000.000000 1190639.714406 961 551 2714 156 -51967.050969 0.000000
 26.000000 1.000000 600000.000000 1965508836.934982 1 0 122880 4 28.302585 0.000000
 26.000000 2.000000 600000.000000 1973755120.123289 1 0 122880 4 28.302585 0.000000
 26.000000 3.000000 600000.000000 1984371347.938892 1 0 122880 4 28.302585 0.000000
 26.000000 4.000000 600000.000000 1963951752.512693 1 0 122880 4 28.302585 0.000000
 26.000000 5.000000 600000.000000 1967744464.517714 1 0 122880 4 28.302585 0.000000
 26.000000 6.000000 600000.000000 1961187512.470021 1 0 122880 4 28.302585 0.000000
 26.000000 7.000000 600000.000000 1980036846.115647 1 0 122880 4 28.302585 0.000000
 26.000000 8.000000 600000.000000 1962980477.832216 1 0 122880 4 28.302585 0.000000
 26.000000 9.000000 600000.000000 1961424858.023603 1 0 122880 4 28.302585 0.000000
 26.000000 10.000000 600000.000000 1971372061.559274 1 0 122880 4 28.302585 0.000000
 26.000000 11.000000 600000.000000 1951906016.557751 1 0 122880 4 28.302585 0.000000
 26.000000 12.000000 600000.000000 1837744071.713808 1 0 122880 4 28.302585 0.000000
 26.000000 13.000000 600000.000000 693852503.344708 17 0 122880 22 -381.459090 0.000000
 26.000000 14.000000 600000.000000 40456186.466213 961 0 33340 130 -28700.722290 0.000000
 26.000000 15.000000 600000.000000 34751192.657549 961 0 27880 128 -32568.722290 0.000000
 26.000000 16.000000 600000.000000 30979018.980434 961 1 24620 130 -36344.722290 0.000000
 26.000000 17.000000 600000.000000 32763107.866095 961 0 28756 130 -40214.722290 0.000000
 26.000000 18.000000 600000.000000 31702445.732178 961 2 25610 130 -43980.722290 0.000000
 26.000000 19.000000 600000.000000 33233629.590645 961 2 26546 130 -47814.722290 0.000000
 26.000000 20.000000 600000.000000 33119264.234942 961 18 30202 130 -51008.722290 0.000000
 26.000000 21.000000 600000.000000 32370228.115392 961 47 26112 130 -53592.722290 0.000000
 26.000000 22.000000 600000.000000 27078885.693701 961 80 23854 130 -55839.335995 0.000000
 26.000000 23.000000 600000.000000 17573975.169107 961 181 18076 136 -52539.971528 0.000000
 26.000000 24.000000 600000.000000 7673846.654329 961 292 9204 152 -49824.066150 0.000000
 26.000000 25.000000 600000.000000 3902499.947249 961 375 5112 182 -47441.596147 0.000000
 26.000000 26.000000 600000.000000 3861945.869715 961 456 3838 186 -46078.368735 0.000000
 26.000000 27.000000 600000.000000 3808503.000806 961 486 3282 166 -47563.437264 0.000000
 26.000000 28.000000 600000.000000 3802663.202367 961 527 3234 166 -47506.050969 0.000000
 26.000000 29.000000 600000.000000 3587651.303927 961 559 2810 150 -48173.510060 0.000000
 26.000000 30.000000 600000.000000 3576351.245013 961 564 2738 172 -49619.812645 0.000000
 27.000000 1.000000 600000.000000 5325707081.995479 1 0 122880 4 29.302585 0.000000
 27.000000 2.000000 600000.000000 5383988675.113316 1 0 122880 4 29.302585 0.000000
 27.000000 3.000000 600000.000000 5354633470.711404 1 0 122880 4 29.302585 0.000000
 27.000000 4.000000 600000.000000 5334366368.727095 1 0 122880 4 29.302585 0.000000
 27.000000 5.000000 600000.000000 5345513381.779451 1 0 122880 4 29.302585 0.000000
 27.000000 6.000000 600000.000000 5351420346.464033 1 0 122880 4 29.302585 0.000000
 27.000000 7.000000 600000.000000 5340342840.506721 1 0 122880 4 29.302585 0.000000
 27.000000 8.000000 600000.000000 5335758493.067773 1 0 122880 4 29.302585 0.000000
 27.000000 9.000000 600000.000000 5333914514.854681 1 0 122880 4 29.302585 0.000000
 27.000000 10.000000 600000.000000 5354418252.632810 1 0 122880 4 29.302585 0.000000
 27.000000 11.000000 600000.000000 5315421670.866289 1 0 122880 4 29.302585 0.000000
 27.000000 12.000000 600000.000000 5207821581.524563 1 0 122880 4 29.302585 0.000000
 27.000000 13.000000 600000.000000 4327694777.474241 1 0 122880 4 29.302585 0.000000
 27.000000 14.000000 600000.000000 138245394.218660 961 0 43596 130 -27739.722290 0.000000
 27.000000 15.000000 600000.000000 89270287.745547 961 0 27822 130 -31577.722290 0.000000
 27.000000 16.000000 600000.000000 89421227.007601 961 1 30004 128 -35415.722290 0.000000
 27.000000 17.000000 600000.000000 101873591.264117 961 0 31348 128 -39287.722290 0.000000
 27.000000 18.000000 600000.000000 98121193.481856 961 0 28662 130 -43091.722290 0.000000
 27.000000 19.000000 600000.000000 90860836.443780 961 0 28238 128 -46967.722290 0.000000
 27.000000 20.000000 600000.000000 88937481.733828 961 6 25894 128 -50567.722290 0.000000
 27.000000 21.000000 600000.000000 89505582.412239 961 10 29028 130 -54185.722290 0.000000
 27.000000 22.000000 600000.000000 101893213.841214 961 41 30416 130 -56639.722290 0.000000
 27.000000 23.000000 600000.000000 72265337.853320 961 99 22932 134 -57584.870259 0.000000
 27.000000 24.000000 600000.000000 48657058.459056 961 164 16206 138 -56015.982441 0.000000
 27.000000 25.000000 600000.000000 25639271.939395 961 289 8910 152 -52136.141324 0.000000
 27.000000 26.000000 600000.000000 13046929.747079 961 392 4766 160 -49386.220766 0.000000
 27.000000 27.000000 600000.000000 11707491.784291 961 454 4094 160 -48708.437264 0.000000
 27.000000 28.000000 600000.000000 9455936.869127 961 509 3202 160 -47615.982441 0.000000
 27.000000 29.000000 600000.000000 8944389.603684 961 521 2882 154 -49890.907267 0.000000
 27.000000 30.000000 600000.000000 9931753.977563 961 555 3002 168 -49198.119497 0.000000
 28.000000 1.000000 600000.000000 14552241005.178360 1 0 122880 4 30.302585 0.000000
 28.000000 2.000000 600000.000000 14572539351.125685 1 0 122880 4 30.302585 0.000000
 28.000000 3.000000 600000.000000 14497265522.594763 1 0 122880 4 30.302585 0.000000
 28.000000 4.000000 600000.000000 14491252987.408089 1 0 122880 4 30.302585 0.000000
 28.000000 5.000000 600000.000000 14487731616.258524 1 0 122880 4 30.302585 0.000000
 28.000000 6.000000 600000.000000 14499323476.791035 1 0 122880 4 30.302585 0.000000
 28.000000 7.000000 600000.000000 14488104639.101118 1 0 122880 4 30.302585 0.000000
 28.000000 8.000000 600000.000000 14595189286.452398 1 0 122880 4 30.302585 0.000000
 28.000000 9.000000 600000.000000 14502478762.847015 1 0 122880 4 30.302585 0.000000
 28.000000 10.000000 600000.000000 14665081471.920532 1 0 122880 4 30.302585 0.000000
 28.000000 11.000000 600000.000000 14424048822.231325 1 0 122880 4 30.302585 0.000000
 28.000000 12.000000 600000.000000 14448863627.219177 2 0 122881 6 10.995732 0.000000
 28.000000 13.000000 600000.000000 13515331642.240305 2 0 122881 6 6.995732 0.000000
 28.000000 14.000000 600000.000000 3974208961.851523 35 0 122880 28 -913.379649 0.000000
 28.000000 15.000000 600000.000000 291339294.952599 961 0 33436 130 -30616.722290 0.000000
 28.000000 16.000000 600000.000000 249689770.899884 961 1 27152 128 -34454.722290 0.000000
 28.000000 17.000000 600000.000000 240438296.241015 961 1 27400 130 -38258.722290 0.000000
 28.000000 18.000000 600000.000000 269140196.097678 961 0 30184 130 -42130.722290 0.000000
 28.000000 19.000000 600000.000000 244310232.360785 961 0 29458 130 -45968.722290 0.000000
 28.000000 20.000000 600000.000000 261030473.415113 961 1 29462 130 -49766.722290 0.000000
 28.000000 21.000000 600000.000000 261123971.775025 961 3 27200 130 -53518.722290 0.000000
 28.000000 22.000000 600000.000000 244502350.157661 961 12 27170 128 -56998.722290 0.000000
 28.000000 23.000000 600000.000000 219638120.027361 961 32 24152 128 -59804.108584 0.000000
 28.000000 24.000000 600000.000000 222957990.320347 961 76 24326 128 -61558.722290 0.000000
 28.000000 25.000000 600000.000000 136772173.270635 961 167 17778 142 -59205.733203 0.000000
 28.000000 26.000000 600000.000000 61579965.122685 961 301 8538 174 -52783.070418 0.000000
 28.000000 27.000000 600000.000000 27391463.113791 961 386 5320 182 -50982.362090 0.000000
 28.000000 28.000000 600000.000000 33217370.783564 961 427 3970 182 -51079.922448 0.000000
 28.000000 29.000000 600000.000000 31360153.919090 961 486 3398 190 -49623.827826 0.000000
 28.000000 30.000000 600000.000000 24897078.901283 961 547 2942 144 -50233.061883 0.000000
 29.000000 1.000000 600000.000000 39762638846.836761 1 0 122880 4 31.302585 0.000000
 29.000000 2.000000 600000.000000 39418427145.710861 1 0 122880 4 31.302585 0.000000
 29.000000 3.000000 600000.000000 39303719051.235313 1 0 122880 4 31.302585 0.000000
 29.000000 4.000000 600000.000000 39558959086.343246 1 0 122880 4 31.302585 0.000000
 29.000000 5.000000 600000.000000 39520268107.127686 1 0 122880 4 31.302585 0.000000
 29.000000 6.000000 600000.000000 39445146508.357956 1 0 122880 4 31.302585 0.000000
 29.000000 7.000000 600000.000000 39324938555.299797 1 0 122880 4 31.302585 0.000000
 29.000000 8.000000 600000.000000 39548515583.323441 1 0 122880 4 31.302585 0.000000
 29.000000 9.000000 600000.000000 39400055223.237846 1 0 122880 4 31.302585 0.000000
 29.000000 10.000000 600000.000000 39281764816.554268 1 0 122880 4 31.302585 0.000000
 29.000000 11.000000 600000.000000 39529222132.795662 1 0 122880 4 31.302585 0.000000
 29.000000 12.000000 600000.000000 39375900606.023781 1 0 122880 4 31.302585 0.000000
 29.000000 13.000000 600000.000000 38494222311.397377 1 0 122880 4 31.302585 0.000000
 29.000000 14.000000 600000.000000 32233122654.425911 1 0 122880 4 31.302585 0.000000
 29.000000 15.000000 600000.000000 1168198901.311370 961 0 49422 130 -29655.722290 0.000000
 29.000000 16.000000 600000.000000 689977844.499444 961 0 29840 130 -33493.722290 0.000000
 29.000000 17.000000 600000.000000 663828749.110189 961 0 27138 128 -37365.722290 0.000000
 29.000000 18.000000 600000.000000 662659257.634059 961 0 26780 128 -41205.722290 0.000000
 29.000000 19.000000 600000.000000 701493843.532825 961 0 27236 130 -45007.722290 0.000000
 29.000000 20.000000 600000.000000 650805340.865636 961 0 25904 128 -48885.722290 0.000000
 29.000000 21.000000 600000.000000 747733262.443493 961 5 29132 130 -52473.722290 0.000000
 29.000000 22.000000 600000.000000 625687599.695875 961 5 25924 128 -56345.722290 0.000000
 29.000000 23.000000 600000.000000 733755081.050410 961 17 27390 128 -59623.722290 0.000000
 29.000000 24.000000 600000.000000 607773808.638145 961 35 26210 130 -62517.722290 0.000000
 29.000000 25.000000 600000.000000 513093612.778784 961 78 22442 136 -63985.722290 0.000000
 29.000000 26.000000 600000.000000 353881405.345641 961 169 17328 156 -60136.278381 0.000000
 29.000000 27.000000 600000.000000 132454426.256904 961 306 8110 158 -55326.308743 0.000000
 29.000000 28.000000 600000.000000 83798946.584611 961 357 5248 158 -54981.441531 0.000000
 29.000000 29.000000 600000.000000 76335085.410131 961 450 3614 170 -51805.448177 0.000000
 29.000000 30.000000 600000.000000 70322694.427055 961 500 3172 174 -50696.812645 0.000000
 30.000000 1.000000 600000.000000 107065012545.859818 1 0 122880 4 32.302585 0.000000
 30.000000 2.000000 600000.000000 107509585685.969711 1 0 122880 4 32.302585 0.000000
 30.000000 3.000000 600000.000000 107344643056.626129 1 0 122880 4 32.302585 0.000000
 30.000000 4.000000 600000.000000 107884959782.217697 1 0 122880 4 32.302585 0.000000
 30.000000 5.000000 600000.000000 107108066030.063217 1 0 122880 4 32.302585 0.000000
 30.000000 6.000000 600000.000000 107067879881.295532 1 0 122880 4 32.302585 0.000000
 30.000000 7.000000 600000.000000 107476438057.640701 1 0 122880 4 32.302585 0.000000
 30.000000 8.000000 600000.000000 107204047162.687897 1 0 122880 4 32.302585 0.000000
 30.000000 9.000000 600000.000000 107027707939.859818 1 0 122880 4 32.302585 0.000000
 30.000000 10.000000 600000.000000 107556474914.361267 1 0 122880 4 32.302585 0.000000
 30.000000 11.000000 600000.000000 107567944871.659592 1 0 122880 4 32.302585 0.000000
 30.000000 12.000000 600000.000000 107362725033.834152 1 0 122880 4 32.302585 0.000000
 30.000000 13.000000 600000.000000 106215299039.480972 1 0 122880 4 32.302585 0.000000
 30.000000 14.000000 600000.000000 100276704723.783508 1 0 122880 4 32.302585 0.000000
 30.000000 15.000000 600000.000000 26495318824.971218 67 0 122880 42 -1934.527618 0.000000
 30.000000 16.000000 600000.000000 2039913153.326884 961 0 33154 130 -32532.722290 0.000000
 30.000000 17.000000 600000.000000 1795776920.473027 961 0 29942 130 -36370.722290 0.000000
 30.000000 18.000000 600000.000000 1806082967.007036 961 0 26822 128 -40244.722290 0.000000
 30.000000 19.000000 600000.000000 1828598480.870277 961 0 27776 128 -44084.722290 0.000000
 30.000000 20.000000 600000.000000 1645320589.783717 961 1 24692 128 -47884.722290 0.000000
 30.000000 21.000000 600000.000000 1927694326.973415 961 1 27236 130 -51680.722290 0.000000
 30.000000 22.000000 600000.000000 1904189552.587576 961 2 29518 128 -55516.722290 0.000000
 30.000000 23.000000 600000.000000 1881582188.335351 961 6 28816 130 -59122.722290 0.000000
 30.000000 24.000000 600000.000000 1708755036.816232 961 17 26526 130 -62420.722290 0.000000
 30.000000 25.000000 600000.000000 1737226956.385004 961 31 25240 130 -65524.722290 0.000000
 30.000000 26.000000 600000.000000 1398456643.805485 961 88 26462 142 -66266.007316 0.000000
 30.000000 27.000000 600000.000000 1019175326.397316 961 165 22456 138 -65349.177112 0.000000
 30.000000 28.000000 600000.000000 367516097.853840 961 305 7662 172 -56993.293562 0.000000
 30.000000 29.000000 600000.000000 226091889.701838 961 384 5048 168 -55310.225033 0.000000
 30.000000 30.000000 600000.000000 214957573.579016 961 409 3748 178 -56300.072796 0.000000
